# pearycli > acquire
# Software version: peary v0.11.0+607^g2933fc7b
# Firmware version: Firmware version: 0x00000000 (0/0/2000 0:0:0)
# Register state: 
# H2M: acq_mode:2, acq_start:0, analog_out_ctrl:0, bgr_iref_trim:3, bgr_res_0:2, bgr_res_1:1, bgr_res_2:1, conf:0, dac_ibias:37, dac_ikrum:10, dac_itrim:35, dac_vref:100, dac_vthr:121, dac_vtpulse:0, digital_out_ctrl:1, enable_bridge:255, latency:0, link_shutter_tp:0, matrix_ctrl:0, px_cnt_r_0:0, px_cnt_r_1:0, px_cnt_r_10:0, px_cnt_r_11:0, px_cnt_r_12:0, px_cnt_r_13:0, px_cnt_r_14:0, px_cnt_r_15:0, px_cnt_r_16:0, px_cnt_r_17:0, px_cnt_r_18:0, px_cnt_r_19:0, px_cnt_r_2:0, px_cnt_r_20:0, px_cnt_r_21:0, px_cnt_r_22:0, px_cnt_r_23:0, px_cnt_r_24:0, px_cnt_r_25:0, px_cnt_r_26:0, px_cnt_r_27:0, px_cnt_r_28:0, px_cnt_r_29:0, px_cnt_r_3:0, px_cnt_r_30:0, px_cnt_r_31:0, px_cnt_r_32:0, px_cnt_r_33:0, px_cnt_r_34:0, px_cnt_r_35:0, px_cnt_r_36:0, px_cnt_r_37:0, px_cnt_r_38:0, px_cnt_r_39:0, px_cnt_r_4:0, px_cnt_r_40:0, px_cnt_r_41:0, px_cnt_r_42:0, px_cnt_r_43:0, px_cnt_r_44:0, px_cnt_r_45:0, px_cnt_r_46:0, px_cnt_r_47:0, px_cnt_r_48:0, px_cnt_r_49:0, px_cnt_r_5:0, px_cnt_r_50:0, px_cnt_r_51:0, px_cnt_r_52:0, px_cnt_r_53:0, px_cnt_r_54:0, px_cnt_r_55:0, px_cnt_r_56:0, px_cnt_r_57:0, px_cnt_r_58:0, px_cnt_r_59:0, px_cnt_r_6:0, px_cnt_r_60:0, px_cnt_r_61:0, px_cnt_r_62:0, px_cnt_r_63:0, px_cnt_r_7:0, px_cnt_r_8:0, px_cnt_r_9:0, shutter_select:0, shutter_tp_lat:16, tp_num:0, tp_off:0, tp_on:0, tp_polarity:1, tp_sel_digital:0, 
# Timestamp: 16:24:57.646
===== 0 =====
2,1,2,1
2,7,2,1
4,8,2,2
6,0,2,1
6,3,2,1
11,6,2,2
12,6,2,1
13,14,2,1
19,6,2,2
20,8,2,1
24,7,2,2
30,2,2,5
34,12,2,2
36,10,2,2
43,1,2,1
44,8,2,4
45,9,2,3
52,13,2,2
53,8,2,2
===== 1 =====
0,12,2,1
1,5,2,1
6,6,2,1
9,3,2,1
12,11,2,1
15,4,2,2
20,7,2,3
26,11,2,2
30,4,2,1
35,6,2,3
36,9,2,2
39,10,2,1
46,1,2,3
46,4,2,1
60,3,2,1
===== 2 =====
0,10,2,2
1,9,2,1
4,6,2,1
6,14,2,2
9,9,2,1
10,6,2,1
12,11,2,1
19,6,2,1
20,15,2,2
23,6,2,1
24,2,2,1
26,14,2,1
32,0,2,4
32,10,2,1
45,7,2,1
47,3,2,1
47,13,2,1
53,6,2,2
58,15,2,3
59,3,2,1
59,15,2,1
61,3,2,1
===== 3 =====
2,5,2,1
3,2,2,1
5,14,2,2
21,4,2,3
23,6,2,1
30,14,2,2
32,7,2,4
32,15,2,2
34,15,2,2
37,2,2,2
41,12,2,1
44,5,2,1
48,1,2,2
56,4,2,1
58,15,2,3
60,9,2,1
63,3,2,2
===== 4 =====
2,0,2,1
2,5,2,1
4,10,2,2
8,3,2,2
21,4,2,3
22,12,2,1
24,15,2,1
25,4,2,1
28,3,2,1
28,13,2,2
29,8,2,3
30,13,2,2
32,14,2,2
33,2,2,1
34,13,2,1
34,14,2,1
39,2,2,1
43,14,2,1
44,5,2,3
50,5,2,1
51,14,2,1
63,13,2,3
===== 5 =====
8,1,2,1
8,14,2,1
9,8,2,2
13,12,2,2
16,12,2,1
17,3,2,2
18,2,2,1
19,8,2,1
21,14,2,5
23,0,2,2
25,7,2,3
33,5,2,1
33,10,2,2
35,14,2,2
37,7,2,3
41,7,2,2
43,4,2,1
43,9,2,1
54,15,2,3
56,12,2,2
59,2,2,1
===== 6 =====
7,13,2,1
10,4,2,1
13,3,2,3
14,1,2,3
17,12,2,1
21,3,2,1
22,4,2,3
25,0,2,2
28,5,2,1
29,6,2,1
29,12,2,2
31,5,2,3
32,10,2,1
33,0,2,2
36,0,2,1
43,12,2,3
44,8,2,2
51,6,2,1
55,14,2,2
57,14,2,1
===== 7 =====
4,8,2,2
4,14,2,1
6,2,2,2
8,0,2,1
14,7,2,1
19,10,2,3
22,2,2,1
25,11,2,2
29,15,2,2
30,9,2,1
31,9,2,2
31,10,2,2
47,9,2,2
49,15,2,2
54,0,2,1
56,11,2,2
60,7,2,1
61,2,2,2
===== 8 =====
0,3,2,2
17,6,2,1
21,0,2,3
21,15,2,1
22,3,2,1
25,12,2,3
25,15,2,2
35,12,2,1
44,13,2,1
45,3,2,2
46,15,2,3
49,6,2,2
49,12,2,3
50,3,2,2
56,10,2,1
58,0,2,1
59,13,2,1
===== 9 =====
0,12,2,1
2,14,2,1
4,7,2,2
12,11,2,1
14,6,2,4
16,4,2,3
16,11,2,1
16,12,2,1
19,2,2,1
20,11,2,1
22,13,2,2
24,13,2,1
28,15,2,1
43,10,2,1
55,15,2,1
56,0,2,1
56,13,2,2
63,4,2,3
===== 10 =====
6,1,2,3
16,13,2,3
18,13,2,1
23,0,2,3
23,1,2,2
23,2,2,2
23,9,2,2
24,3,2,1
30,2,2,2
39,1,2,2
39,10,2,2
41,4,2,3
42,15,2,1
45,4,2,1
47,3,2,1
57,5,2,3
57,13,2,2
58,8,2,4
59,4,2,3
63,8,2,1
===== 11 =====
0,13,2,1
2,8,2,1
7,10,2,3
7,12,2,1
7,15,2,1
8,2,2,1
10,8,2,3
15,12,2,1
25,2,2,2
33,10,2,3
33,15,2,3
35,13,2,1
39,1,2,2
43,3,2,1
46,3,2,1
48,7,2,1
49,0,2,2
53,13,2,1
57,4,2,1
58,2,2,1
60,12,2,7
===== 12 =====
6,7,2,1
8,4,2,1
19,12,2,1
29,2,2,2
37,13,2,1
38,1,2,3
41,10,2,3
47,11,2,1
52,6,2,1
55,1,2,3
58,11,2,1
62,2,2,1
===== 13 =====
3,8,2,2
6,15,2,1
7,12,2,1
9,11,2,2
12,1,2,2
12,10,2,1
13,7,2,1
17,4,2,3
18,7,2,1
19,14,2,2
28,6,2,1
28,12,2,3
30,9,2,1
33,3,2,1
48,8,2,1
48,11,2,1
56,10,2,1
61,9,2,2
===== 14 =====
0,5,2,2
4,9,2,2
10,2,2,2
11,8,2,1
26,4,2,1
28,11,2,1
38,8,2,3
40,11,2,4
43,0,2,2
46,11,2,1
===== 15 =====
3,12,2,1
7,0,2,2
11,2,2,1
14,14,2,1
16,4,2,1
17,13,2,2
19,5,2,1
24,13,2,1
28,9,2,1
29,11,2,2
37,14,2,3
39,3,2,1
41,10,2,3
48,0,2,2
52,1,2,2
54,8,2,3
61,2,2,2
62,3,2,1
===== 16 =====
5,7,2,1
6,3,2,2
9,4,2,2
10,4,2,2
17,12,2,1
21,7,2,2
30,11,2,4
33,10,2,2
34,15,2,1
42,4,2,3
45,14,2,2
53,8,2,1
56,9,2,1
63,1,2,1
===== 17 =====
2,14,2,1
6,8,2,1
6,15,2,1
8,13,2,1
11,1,2,1
30,11,2,4
31,4,2,1
33,7,2,2
37,7,2,1
43,2,2,3
49,11,2,1
52,11,2,1
59,1,2,1
===== 18 =====
3,11,2,2
8,8,2,1
12,15,2,1
13,12,2,1
20,4,2,2
27,2,2,2
35,11,2,1
40,2,2,1
40,8,2,3
44,6,2,2
45,6,2,1
47,2,2,2
48,8,2,2
49,3,2,1
50,7,2,2
53,4,2,2
56,2,2,1
57,9,2,1
57,10,2,2
59,9,2,2
61,9,2,1
===== 19 =====
11,14,2,1
21,1,2,3
21,11,2,3
28,4,2,1
28,15,2,2
30,15,2,2
38,11,2,2
54,10,2,2
55,1,2,3
58,6,2,1
61,4,2,2
===== 20 =====
0,3,2,2
2,15,2,1
6,12,2,1
11,6,2,2
13,10,2,2
28,8,2,2
30,12,2,1
31,11,2,2
37,10,2,1
44,1,2,1
45,9,2,1
49,15,2,3
50,2,2,4
51,13,2,3
53,1,2,1
61,13,2,2
63,7,2,1
===== 21 =====
1,6,2,1
8,15,2,1
9,6,2,3
10,9,2,2
14,10,2,2
15,8,2,6
19,12,2,1
22,12,2,2
36,0,2,2
40,6,2,1
49,9,2,4
53,8,2,1
54,7,2,1
59,6,2,2
===== 22 =====
11,15,2,2
13,5,2,1
14,7,2,1
17,10,2,1
20,8,2,1
22,1,2,2
26,12,2,1
37,5,2,2
38,12,2,3
41,6,2,2
43,12,2,1
48,1,2,2
48,9,2,1
48,15,2,1
51,3,2,3
55,13,2,2
58,4,2,1
===== 23 =====
0,9,2,4
5,14,2,2
7,3,2,3
9,8,2,3
12,0,2,1
12,13,2,1
16,15,2,2
27,5,2,1
30,5,2,1
32,13,2,1
33,7,2,3
34,12,2,2
38,2,2,1
42,14,2,2
43,15,2,1
46,7,2,2
61,0,2,1
===== 24 =====
5,3,2,1
7,6,2,1
8,6,2,1
11,13,2,1
35,13,2,1
40,9,2,1
41,6,2,3
45,2,2,1
47,12,2,2
50,3,2,3
54,5,2,1
57,7,2,1
57,9,2,2
63,11,2,1
===== 25 =====
5,4,2,1
7,10,2,2
8,8,2,2
9,0,2,2
13,0,2,2
14,15,2,1
18,8,2,1
20,10,2,2
24,0,2,1
25,7,2,2
28,4,2,2
35,11,2,3
46,11,2,3
48,15,2,1
51,10,2,1
57,9,2,1
===== 26 =====
7,5,2,1
8,11,2,1
12,2,2,3
16,0,2,2
27,14,2,3
31,5,2,2
36,13,2,1
41,12,2,2
48,13,2,2
51,10,2,2
60,11,2,3
===== 27 =====
0,10,2,2
2,8,2,2
8,8,2,3
11,5,2,1
13,4,2,2
17,15,2,3
20,1,2,1
20,7,2,1
22,6,2,2
27,10,2,2
27,14,2,2
29,13,2,1
32,4,2,2
37,2,2,3
39,8,2,3
48,2,2,1
49,6,2,1
54,2,2,1
54,15,2,1
61,10,2,1
===== 28 =====
1,9,2,2
3,9,2,2
10,9,2,1
11,6,2,3
12,14,2,2
15,5,2,2
23,2,2,1
38,0,2,1
38,7,2,2
40,2,2,1
49,0,2,2
50,2,2,4
54,0,2,4
58,9,2,1
62,14,2,1
63,9,2,1
===== 29 =====
6,14,2,2
7,13,2,1
11,7,2,1
11,12,2,2
18,8,2,1
23,1,2,2
26,4,2,2
27,9,2,2
31,6,2,2
34,13,2,1
39,11,2,2
40,5,2,1
41,6,2,1
42,10,2,1
45,7,2,1
50,2,2,1
50,3,2,4
50,10,2,2
56,13,2,3
57,2,2,2
60,3,2,2
61,4,2,1
===== 30 =====
10,9,2,1
24,0,2,2
24,6,2,1
25,5,2,3
32,8,2,2
38,10,2,2
46,6,2,3
61,0,2,1
63,11,2,2
===== 31 =====
5,3,2,1
6,15,2,1
8,1,2,1
8,8,2,1
11,11,2,1
24,11,2,1
38,4,2,1
39,14,2,2
40,10,2,1
43,0,2,2
46,11,2,3
48,4,2,2
55,0,2,1
55,6,2,1
55,10,2,1
55,12,2,1
55,14,2,1
57,5,2,2
58,0,2,1
===== 32 =====
0,9,2,2
8,9,2,1
9,1,2,1
11,8,2,2
12,10,2,1
16,6,2,1
16,7,2,3
20,3,2,2
21,0,2,2
23,3,2,2
23,7,2,1
27,5,2,2
33,7,2,1
34,0,2,2
36,11,2,2
37,1,2,1
49,11,2,2
52,5,2,3
55,6,2,3
58,4,2,2
60,12,2,13
62,8,2,2
===== 33 =====
5,14,2,2
7,13,2,2
17,8,2,1
34,10,2,3
38,6,2,1
41,0,2,2
43,1,2,2
52,10,2,2
52,11,2,2
54,14,2,2
55,7,2,1
62,4,2,1
===== 34 =====
6,11,2,1
8,3,2,1
8,7,2,2
9,14,2,1
14,3,2,1
17,12,2,1
18,15,2,1
20,12,2,2
23,1,2,2
27,1,2,2
27,5,2,1
28,6,2,3
32,6,2,1
40,6,2,3
42,15,2,2
44,2,2,2
44,8,2,2
48,4,2,2
48,12,2,3
49,15,2,1
52,9,2,2
58,6,2,2
61,0,2,1
===== 35 =====
6,1,2,3
12,2,2,2
13,9,2,2
21,2,2,1
23,4,2,1
25,8,2,2
30,0,2,2
32,3,2,2
34,12,2,1
39,0,2,1
41,5,2,2
46,8,2,1
47,3,2,1
49,9,2,2
49,10,2,1
52,6,2,1
57,6,2,1
61,15,2,4
===== 36 =====
1,9,2,1
4,5,2,1
6,8,2,1
7,10,2,2
8,14,2,1
11,3,2,3
17,2,2,1
17,5,2,1
19,15,2,1
21,1,2,2
28,15,2,2
29,14,2,1
39,14,2,1
48,12,2,2
53,8,2,2
55,1,2,1
56,12,2,2
61,13,2,1
===== 37 =====
1,5,2,2
2,8,2,2
6,10,2,1
12,8,2,2
13,3,2,1
17,13,2,2
30,14,2,1
36,8,2,2
37,12,2,1
42,0,2,2
43,6,2,2
43,8,2,2
55,1,2,3
58,9,2,1
===== 38 =====
9,0,2,2
9,6,2,2
12,15,2,2
16,4,2,3
26,12,2,5
35,11,2,1
35,13,2,3
41,1,2,1
44,4,2,2
46,5,2,5
47,6,2,1
48,1,2,2
49,2,2,1
53,2,2,2
53,9,2,1
58,1,2,1
58,15,2,2
61,0,2,1
===== 39 =====
13,9,2,1
13,12,2,2
25,0,2,7
30,0,2,1
33,13,2,1
36,5,2,3
42,15,2,3
43,7,2,4
49,4,2,1
59,2,2,1
63,1,2,1
===== 40 =====
2,12,2,1
4,5,2,1
13,0,2,2
13,9,2,1
14,15,2,2
22,9,2,1
32,7,2,2
32,10,2,2
33,6,2,2
41,13,2,2
44,14,2,3
49,13,2,2
56,11,2,1
===== 41 =====
0,6,2,1
1,15,2,2
6,9,2,3
12,0,2,1
13,10,2,1
21,8,2,1
23,15,2,1
26,3,2,2
27,14,2,3
29,10,2,4
35,7,2,3
37,7,2,1
39,4,2,2
45,7,2,2
46,4,2,3
52,1,2,2
61,14,2,1
===== 42 =====
10,15,2,2
15,6,2,1
16,9,2,2
16,10,2,3
25,0,2,2
27,2,2,2
31,11,2,4
34,10,2,2
43,3,2,2
45,5,2,1
48,0,2,1
48,1,2,2
50,13,2,1
52,9,2,2
54,2,2,2
54,12,2,1
55,4,2,2
55,7,2,1
58,15,2,3
61,1,2,1
===== 43 =====
0,6,2,1
5,11,2,2
8,8,2,3
12,13,2,1
18,13,2,2
21,0,2,1
25,0,2,3
28,5,2,1
29,10,2,1
30,12,2,3
34,2,2,1
34,14,2,2
36,5,2,2
37,3,2,2
37,10,2,2
39,4,2,3
42,1,2,1
43,3,2,2
44,8,2,1
50,15,2,2
54,8,2,2
57,3,2,3
62,1,2,1
===== 44 =====
8,10,2,3
9,12,2,1
11,3,2,3
23,9,2,1
25,10,2,1
26,12,2,1
33,8,2,2
36,15,2,1
37,13,2,1
38,0,2,1
40,2,2,1
43,10,2,2
45,1,2,2
46,13,2,3
50,5,2,1
57,1,2,2
61,6,2,1
63,5,2,2
===== 45 =====
1,1,2,2
3,12,2,1
5,3,2,1
6,7,2,2
11,1,2,3
29,4,2,2
30,5,2,1
32,0,2,2
36,11,2,3
37,10,2,2
37,11,2,1
38,10,2,1
45,2,2,1
48,4,2,2
48,14,2,1
54,4,2,1
60,12,2,3
63,9,2,1
===== 46 =====
15,2,2,1
32,14,2,1
35,3,2,3
38,10,2,3
40,14,2,3
46,8,2,2
47,13,2,2
48,12,2,2
48,15,2,1
49,5,2,2
53,7,2,2
56,11,2,1
61,4,2,2
62,4,2,2
===== 47 =====
3,8,2,2
4,3,2,2
4,4,2,2
5,3,2,1
11,2,2,1
14,2,2,2
33,12,2,1
35,9,2,1
35,15,2,3
37,8,2,4
39,14,2,2
45,9,2,1
47,3,2,1
60,9,2,1
62,7,2,1
===== 48 =====
0,3,2,1
7,2,2,1
8,9,2,2
19,8,2,1
24,0,2,1
30,13,2,2
35,3,2,2
36,14,2,2
50,6,2,1
50,11,2,1
51,0,2,2
51,13,2,4
57,11,2,2
62,9,2,1
63,5,2,2
===== 49 =====
0,6,2,1
7,4,2,1
8,7,2,2
16,14,2,2
25,7,2,2
27,1,2,1
31,10,2,2
34,1,2,1
42,4,2,2
48,6,2,1
50,7,2,2
55,5,2,4
56,14,2,1
61,7,2,1
===== 50 =====
3,15,2,1
15,2,2,2
18,10,2,1
18,14,2,1
20,9,2,2
22,2,2,1
27,1,2,2
30,3,2,3
31,1,2,3
31,2,2,2
36,2,2,2
39,11,2,3
40,7,2,1
41,12,2,1
43,15,2,2
47,5,2,3
53,12,2,1
59,0,2,1
===== 51 =====
4,11,2,1
5,6,2,1
5,8,2,1
9,9,2,1
10,8,2,1
11,14,2,1
13,11,2,1
16,14,2,1
20,7,2,2
24,7,2,4
35,1,2,2
38,10,2,1
44,0,2,3
44,7,2,1
48,4,2,2
48,5,2,3
58,9,2,1
63,9,2,2
63,13,2,1
===== 52 =====
2,3,2,1
3,5,2,2
5,4,2,3
26,12,2,4
29,12,2,3
31,12,2,2
41,4,2,1
43,5,2,1
45,2,2,1
49,4,2,1
51,10,2,1
52,5,2,1
52,11,2,1
55,2,2,1
56,14,2,1
60,0,2,1
===== 53 =====
4,5,2,1
10,15,2,1
12,2,2,2
27,6,2,2
27,9,2,1
35,1,2,2
36,6,2,1
38,11,2,3
38,15,2,2
41,15,2,2
42,15,2,1
46,2,2,1
46,9,2,1
47,1,2,1
48,15,2,2
52,3,2,2
57,1,2,3
58,11,2,1
===== 54 =====
0,14,2,1
2,12,2,1
7,1,2,1
8,5,2,2
14,9,2,2
22,1,2,4
22,9,2,2
22,13,2,2
25,10,2,2
32,13,2,3
36,3,2,1
37,7,2,1
41,7,2,2
44,14,2,2
45,9,2,3
50,5,2,1
51,2,2,3
55,0,2,2
===== 55 =====
3,9,2,1
5,3,2,1
6,8,2,1
11,4,2,3
15,13,2,2
18,8,2,1
22,7,2,2
26,5,2,2
27,2,2,2
29,1,2,1
31,15,2,3
37,15,2,2
47,14,2,8
59,14,2,1
63,10,2,1
===== 56 =====
5,7,2,1
5,14,2,1
10,7,2,2
12,13,2,1
13,6,2,2
17,10,2,1
23,8,2,1
27,9,2,2
32,13,2,1
33,8,2,2
33,11,2,4
34,7,2,1
40,9,2,1
40,13,2,2
50,14,2,3
59,12,2,3
60,9,2,1
===== 57 =====
6,0,2,1
10,11,2,2
13,8,2,1
16,10,2,1
36,4,2,1
43,7,2,3
43,13,2,1
54,2,2,3
55,5,2,2
55,14,2,3
59,10,2,3
61,4,2,1
62,12,2,2
===== 58 =====
3,10,2,1
5,13,2,1
6,3,2,2
13,3,2,2
14,12,2,2
16,0,2,1
17,6,2,1
18,9,2,2
22,4,2,1
25,13,2,7
31,15,2,2
32,1,2,2
39,7,2,3
43,14,2,2
44,7,2,1
46,4,2,2
50,8,2,1
61,1,2,1
62,8,2,1
===== 59 =====
0,3,2,2
0,6,2,2
1,13,2,1
2,5,2,1
2,11,2,1
4,4,2,2
8,14,2,1
13,1,2,3
14,11,2,1
15,8,2,2
17,0,2,1
26,0,2,2
41,9,2,2
42,1,2,1
51,0,2,1
53,15,2,1
56,6,2,2
57,10,2,3
58,9,2,1
60,10,2,2
61,8,2,1
62,2,2,1
62,8,2,1
===== 60 =====
0,0,2,1
0,7,2,1
3,10,2,2
7,5,2,1
7,9,2,1
10,4,2,3
12,9,2,1
14,8,2,2
16,5,2,4
20,12,2,2
24,1,2,1
25,2,2,2
27,10,2,3
29,4,2,3
31,4,2,2
33,1,2,1
34,15,2,4
35,15,2,4
37,15,2,2
38,6,2,1
39,15,2,2
52,11,2,1
53,5,2,2
53,12,2,3
55,9,2,2
59,7,2,1
===== 61 =====
0,15,2,2
2,7,2,2
3,12,2,1
4,0,2,1
5,15,2,2
15,0,2,1
15,7,2,2
17,0,2,3
24,13,2,1
25,9,2,3
27,7,2,1
27,11,2,2
39,7,2,3
40,14,2,2
42,11,2,2
48,0,2,2
48,6,2,2
49,15,2,2
52,7,2,2
52,11,2,2
59,11,2,1
===== 62 =====
1,5,2,1
6,1,2,4
6,7,2,1
8,10,2,1
12,1,2,1
12,3,2,2
12,10,2,2
13,3,2,1
25,1,2,1
29,12,2,2
30,8,2,1
34,2,2,2
35,11,2,1
36,11,2,2
38,7,2,1
42,1,2,1
51,8,2,2
51,14,2,1
58,12,2,2
60,12,2,3
===== 63 =====
2,7,2,3
7,15,2,1
9,4,2,1
10,6,2,2
10,7,2,2
23,3,2,1
27,2,2,1
27,11,2,1
29,15,2,2
31,4,2,1
35,4,2,2
36,8,2,1
41,5,2,2
50,6,2,1
50,10,2,3
56,10,2,2
59,9,2,1
59,13,2,1
62,7,2,1
===== 64 =====
0,0,2,3
1,5,2,1
1,11,2,1
4,12,2,1
9,14,2,1
22,6,2,3
22,10,2,2
24,1,2,1
28,12,2,4
31,4,2,3
32,7,2,2
35,15,2,2
36,3,2,1
39,10,2,2
41,9,2,1
42,10,2,1
44,4,2,4
49,15,2,1
58,14,2,1
59,13,2,1
60,0,2,1
===== 65 =====
7,10,2,2
8,14,2,3
9,7,2,1
9,10,2,1
11,15,2,2
12,2,2,1
14,6,2,2
14,8,2,2
17,13,2,1
17,14,2,1
18,11,2,1
19,13,2,3
26,14,2,2
27,13,2,3
30,6,2,2
31,13,2,2
32,6,2,2
38,13,2,1
46,15,2,2
47,8,2,1
51,8,2,1
56,7,2,1
58,7,2,1
58,11,2,1
===== 66 =====
2,0,2,2
19,13,2,3
21,11,2,4
26,3,2,1
32,4,2,1
32,6,2,2
37,11,2,1
41,6,2,2
41,13,2,1
44,8,2,3
46,4,2,3
48,14,2,2
51,6,2,1
53,2,2,2
56,12,2,2
57,12,2,2
58,10,2,2
===== 67 =====
2,6,2,1
5,11,2,1
7,8,2,1
11,6,2,3
13,8,2,1
30,15,2,1
36,3,2,3
38,8,2,2
41,12,2,1
43,10,2,2
45,12,2,2
47,2,2,2
48,1,2,3
50,13,2,2
52,2,2,2
56,12,2,4
58,12,2,1
59,4,2,1
59,12,2,2
61,15,2,2
===== 68 =====
9,15,2,1
13,3,2,2
17,9,2,5
23,3,2,3
28,12,2,5
29,3,2,2
30,4,2,2
36,9,2,1
40,13,2,3
42,11,2,2
===== 69 =====
1,7,2,1
1,14,2,1
3,9,2,1
6,4,2,1
12,7,2,2
20,15,2,1
21,1,2,1
24,9,2,1
33,0,2,2
34,15,2,2
37,4,2,1
43,2,2,1
45,4,2,1
45,6,2,1
49,6,2,1
51,7,2,3
53,6,2,4
60,1,2,3
60,2,2,1
63,15,2,1
===== 70 =====
0,9,2,2
6,0,2,2
9,1,2,1
9,4,2,2
18,4,2,2
24,8,2,1
29,1,2,1
34,10,2,1
35,12,2,2
37,3,2,3
46,5,2,2
49,6,2,3
49,9,2,1
52,2,2,1
54,10,2,2
57,7,2,2
===== 71 =====
2,12,2,2
4,3,2,2
4,11,2,1
7,8,2,1
9,15,2,1
10,5,2,1
23,14,2,2
25,2,2,3
28,8,2,7
39,6,2,1
45,3,2,3
46,14,2,2
49,13,2,3
51,4,2,2
51,7,2,1
58,12,2,2
60,12,2,3
63,4,2,2
===== 72 =====
1,13,2,1
9,2,2,1
11,2,2,1
14,15,2,1
15,12,2,2
18,11,2,1
21,11,2,1
24,15,2,1
28,13,2,3
32,1,2,1
35,4,2,3
37,9,2,3
41,5,2,2
49,7,2,1
51,9,2,1
52,8,2,2
62,9,2,1
===== 73 =====
0,15,2,1
11,9,2,1
20,11,2,1
23,4,2,2
23,6,2,1
27,6,2,2
33,0,2,2
36,0,2,2
36,14,2,2
37,13,2,2
39,7,2,2
40,9,2,2
42,14,2,2
53,8,2,3
54,6,2,2
57,3,2,1
57,5,2,3
59,6,2,1
63,12,2,1
===== 74 =====
2,11,2,1
3,12,2,1
27,14,2,3
30,7,2,2
30,15,2,1
36,6,2,1
43,14,2,8
52,14,2,4
53,3,2,1
53,13,2,2
58,15,2,6
61,10,2,2
===== 75 =====
3,4,2,1
16,7,2,3
16,15,2,1
17,11,2,2
27,3,2,3
31,0,2,1
32,13,2,2
41,1,2,2
44,9,2,2
46,12,2,1
48,12,2,5
48,15,2,1
49,4,2,1
51,0,2,1
52,1,2,2
58,12,2,3
===== 76 =====
7,2,2,2
13,0,2,1
14,8,2,2
17,14,2,3
26,4,2,3
32,5,2,1
35,3,2,1
43,12,2,5
45,3,2,2
48,13,2,1
57,14,2,2
60,2,2,3
===== 77 =====
1,8,2,2
3,15,2,3
11,3,2,2
12,14,2,4
15,4,2,1
21,8,2,3
24,9,2,3
25,13,2,1
30,14,2,2
33,5,2,2
38,10,2,3
46,0,2,4
51,4,2,3
51,12,2,2
54,6,2,2
60,7,2,1
63,4,2,3
===== 78 =====
0,6,2,2
6,4,2,1
10,13,2,2
15,14,2,2
19,4,2,2
19,9,2,1
23,0,2,1
25,8,2,2
29,4,2,3
30,3,2,2
31,9,2,1
38,12,2,3
41,4,2,3
44,1,2,2
55,7,2,1
56,11,2,1
59,6,2,3
59,7,2,2
===== 79 =====
25,4,2,1
25,11,2,1
27,9,2,2
28,12,2,1
28,13,2,3
29,7,2,4
29,13,2,1
37,2,2,2
37,4,2,1
38,11,2,1
40,8,2,1
40,15,2,1
42,7,2,3
44,11,2,1
51,6,2,2
51,11,2,2
56,15,2,2
61,2,2,1
61,6,2,2
===== 80 =====
4,8,2,1
5,0,2,4
6,7,2,2
15,8,2,2
18,14,2,1
30,3,2,1
30,6,2,3
34,5,2,1
34,6,2,1
38,15,2,2
42,12,2,2
43,13,2,1
44,9,2,2
47,15,2,1
50,3,2,4
53,3,2,1
58,14,2,1
===== 81 =====
10,0,2,1
12,5,2,2
14,8,2,2
18,10,2,1
21,6,2,3
25,2,2,1
26,1,2,1
31,11,2,2
34,8,2,1
40,6,2,2
43,7,2,2
43,15,2,4
47,7,2,1
49,5,2,1
50,6,2,2
50,10,2,1
57,13,2,2
59,14,2,2
61,10,2,1
===== 82 =====
1,4,2,1
15,13,2,1
16,6,2,2
18,5,2,3
19,8,2,2
31,12,2,2
32,4,2,1
33,13,2,1
37,9,2,2
40,2,2,1
41,11,2,3
43,4,2,2
45,6,2,1
46,4,2,3
46,15,2,2
48,11,2,4
49,12,2,1
51,10,2,1
61,7,2,1
===== 83 =====
0,5,2,2
0,13,2,2
5,2,2,2
5,5,2,2
6,15,2,1
9,8,2,2
9,13,2,2
11,12,2,1
21,12,2,5
23,0,2,2
23,13,2,1
25,0,2,1
25,14,2,3
26,3,2,2
32,13,2,1
38,12,2,3
55,4,2,1
55,7,2,2
61,15,2,2
===== 84 =====
1,13,2,1
6,13,2,2
8,8,2,1
11,7,2,1
13,14,2,2
14,3,2,3
19,13,2,2
21,15,2,2
24,3,2,3
26,2,2,1
26,9,2,2
35,2,2,3
45,9,2,3
49,1,2,2
56,13,2,2
62,10,2,1
===== 85 =====
0,3,2,2
2,12,2,2
7,11,2,2
9,2,2,1
9,12,2,1
12,3,2,1
13,14,2,2
14,8,2,1
17,7,2,2
19,9,2,1
32,3,2,3
41,11,2,4
49,7,2,2
54,6,2,1
55,3,2,1
58,1,2,3
58,11,2,1
59,3,2,2
59,14,2,1
62,15,2,2
63,12,2,1
63,15,2,2
===== 86 =====
6,3,2,3
15,9,2,1
16,7,2,4
18,15,2,3
20,2,2,5
23,9,2,1
29,6,2,4
34,4,2,1
38,9,2,1
40,1,2,2
40,13,2,2
49,13,2,2
58,5,2,1
59,9,2,2
59,15,2,1
===== 87 =====
6,0,2,1
6,10,2,2
7,8,2,1
8,0,2,1
8,2,2,1
14,11,2,2
18,1,2,3
20,1,2,2
20,10,2,2
29,10,2,1
34,5,2,2
42,1,2,1
43,0,2,1
43,7,2,1
44,2,2,1
47,5,2,1
58,8,2,1
58,15,2,2
63,1,2,1
===== 88 =====
4,8,2,2
7,0,2,2
9,13,2,1
15,0,2,2
19,8,2,1
21,8,2,2
21,10,2,1
27,0,2,1
37,14,2,2
40,13,2,2
50,6,2,1
51,6,2,1
52,5,2,1
55,0,2,1
55,3,2,2
55,7,2,1
56,12,2,2
58,6,2,1
59,4,2,1
61,7,2,1
61,13,2,2
63,14,2,1
===== 89 =====
10,5,2,1
11,2,2,2
18,5,2,2
25,13,2,2
26,14,2,3
27,0,2,2
36,1,2,1
37,4,2,1
38,1,2,2
38,4,2,2
38,12,2,1
43,8,2,5
49,9,2,2
54,7,2,3
54,13,2,1
57,6,2,2
59,15,2,2
60,6,2,1
62,15,2,1
===== 90 =====
2,0,2,1
7,14,2,1
15,9,2,1
19,9,2,1
19,11,2,1
22,4,2,2
25,10,2,1
30,4,2,2
34,10,2,1
40,2,2,2
46,8,2,1
53,12,2,1
57,1,2,2
57,15,2,2
61,15,2,2
62,0,2,3
63,11,2,2
===== 91 =====
0,1,2,3
5,7,2,3
11,0,2,2
14,10,2,1
16,13,2,1
20,10,2,1
23,7,2,2
25,9,2,1
26,15,2,2
30,4,2,3
38,3,2,2
42,5,2,1
44,0,2,1
47,11,2,2
51,9,2,1
52,15,2,1
62,0,2,2
62,12,2,2
===== 92 =====
4,3,2,1
5,6,2,1
7,9,2,1
14,10,2,1
14,15,2,1
19,9,2,2
21,11,2,1
22,9,2,1
42,11,2,3
43,10,2,2
49,8,2,3
60,11,2,1
===== 93 =====
0,14,2,1
4,1,2,3
4,13,2,1
7,13,2,1
11,7,2,1
17,2,2,2
17,5,2,5
21,8,2,2
27,15,2,2
33,1,2,3
35,8,2,3
41,14,2,2
42,7,2,3
42,10,2,1
45,3,2,2
45,10,2,1
45,11,2,4
46,0,2,1
47,12,2,1
53,6,2,2
57,8,2,2
63,14,2,1
===== 94 =====
1,8,2,3
4,5,2,2
6,8,2,3
8,4,2,1
8,9,2,1
11,7,2,1
11,12,2,1
14,10,2,1
20,0,2,1
31,14,2,2
32,1,2,1
35,5,2,2
35,7,2,3
36,2,2,1
41,13,2,2
44,9,2,1
44,12,2,1
59,8,2,1
60,15,2,1
===== 95 =====
2,12,2,1
4,13,2,1
20,11,2,1
24,12,2,1
32,5,2,2
39,14,2,1
40,4,2,2
52,2,2,2
55,0,2,1
56,2,2,1
59,2,2,2
62,14,2,1
62,15,2,3
===== 96 =====
0,10,2,1
2,5,2,1
11,11,2,3
23,13,2,1
24,0,2,1
28,13,2,2
29,1,2,1
29,5,2,2
29,11,2,2
30,9,2,2
37,1,2,1
37,6,2,3
49,2,2,2
54,1,2,2
54,14,2,1
56,14,2,3
57,6,2,2
61,1,2,2
62,7,2,1
===== 97 =====
3,5,2,2
7,4,2,1
10,14,2,1
16,3,2,1
28,2,2,1
33,11,2,2
45,10,2,2
46,7,2,2
47,14,2,2
55,12,2,1
56,7,2,1
57,5,2,2
58,10,2,1
===== 98 =====
3,11,2,2
5,12,2,1
19,8,2,2
26,7,2,2
27,14,2,4
30,0,2,1
30,8,2,2
38,7,2,3
38,14,2,1
39,13,2,4
42,12,2,2
56,7,2,1
57,15,2,2
===== 99 =====
0,5,2,2
2,12,2,2
3,4,2,1
13,4,2,1
14,15,2,2
15,11,2,1
17,4,2,1
23,1,2,2
31,9,2,3
34,2,2,3
35,11,2,2
42,8,2,1
44,8,2,1
46,9,2,1
49,5,2,4
50,1,2,1
===== 100 =====
1,8,2,1
5,2,2,1
6,8,2,3
7,1,2,2
9,6,2,2
13,10,2,1
16,1,2,2
18,7,2,2
22,0,2,2
28,10,2,1
33,4,2,2
33,5,2,1
34,5,2,1
34,11,2,1
45,2,2,1
52,15,2,1
55,8,2,2
63,6,2,2
===== 101 =====
2,14,2,1
10,15,2,1
17,3,2,2
18,12,2,1
35,15,2,1
47,3,2,1
58,14,2,2
59,0,2,1
59,14,2,1
===== 102 =====
2,4,2,1
2,12,2,1
3,13,2,2
4,5,2,3
7,6,2,1
18,4,2,2
20,8,2,3
21,2,2,4
30,1,2,1
30,6,2,2
30,13,2,2
37,13,2,3
47,12,2,1
52,1,2,2
52,11,2,1
===== 103 =====
0,4,2,4
5,2,2,1
5,3,2,1
12,3,2,3
18,4,2,1
20,13,2,2
21,0,2,2
28,15,2,2
31,4,2,1
34,12,2,2
40,2,2,1
46,0,2,2
51,0,2,1
51,13,2,1
55,0,2,1
57,1,2,2
===== 104 =====
0,15,2,1
2,11,2,1
10,12,2,1
11,15,2,2
16,1,2,1
17,6,2,2
20,1,2,1
21,1,2,1
26,15,2,1
39,4,2,4
43,5,2,2
44,2,2,1
45,2,2,1
49,4,2,2
51,5,2,1
52,8,2,3
53,2,2,2
===== 105 =====
0,11,2,3
0,12,2,2
4,4,2,2
6,8,2,3
6,15,2,1
8,2,2,2
8,5,2,2
9,14,2,1
15,12,2,1
19,5,2,2
21,4,2,2
25,1,2,1
25,2,2,2
29,15,2,4
33,11,2,3
35,0,2,2
37,4,2,1
38,5,2,2
52,12,2,2
56,13,2,1
58,6,2,1
62,6,2,1
63,15,2,1
===== 106 =====
12,15,2,1
19,7,2,2
24,0,2,1
25,7,2,1
29,5,2,1
31,12,2,2
40,11,2,5
52,3,2,2
63,5,2,2
===== 107 =====
0,5,2,3
8,2,2,2
9,13,2,1
19,4,2,2
19,5,2,2
33,15,2,2
34,1,2,1
53,1,2,2
53,9,2,2
54,5,2,2
59,8,2,2
===== 108 =====
1,8,2,2
1,9,2,1
3,7,2,1
3,10,2,2
3,11,2,1
4,11,2,5
5,9,2,2
17,5,2,1
24,1,2,1
24,9,2,2
24,13,2,1
25,1,2,2
29,13,2,2
32,9,2,2
35,11,2,3
40,13,2,6
42,0,2,2
54,11,2,1
55,13,2,2
55,14,2,1
59,14,2,2
===== 109 =====
0,0,2,5
2,9,2,2
14,11,2,1
19,13,2,2
20,15,2,2
21,6,2,2
22,12,2,3
26,3,2,1
30,2,2,1
32,15,2,5
39,0,2,1
51,1,2,2
56,1,2,3
56,12,2,3
57,7,2,1
59,0,2,1
61,1,2,1
62,10,2,1
===== 110 =====
4,10,2,2
4,13,2,1
6,4,2,1
9,7,2,2
17,4,2,2
22,11,2,2
25,13,2,4
28,10,2,1
29,7,2,1
29,11,2,2
31,12,2,1
35,3,2,1
35,5,2,3
37,9,2,4
38,1,2,2
45,5,2,2
45,12,2,2
48,9,2,1
55,8,2,2
60,1,2,1
===== 111 =====
0,0,2,2
5,10,2,2
8,4,2,1
11,14,2,1
15,13,2,2
17,7,2,2
27,15,2,6
37,4,2,1
39,2,2,2
46,4,2,2
51,14,2,2
55,0,2,2
55,8,2,2
61,12,2,2
63,8,2,1
===== 112 =====
2,5,2,1
2,10,2,1
2,15,2,2
3,3,2,1
3,13,2,1
4,2,2,2
8,8,2,1
15,13,2,1
18,6,2,1
24,1,2,2
24,15,2,1
27,0,2,2
35,0,2,2
36,1,2,1
36,15,2,2
37,8,2,3
38,2,2,1
43,15,2,2
44,1,2,2
47,8,2,3
47,12,2,1
49,9,2,2
51,1,2,2
52,15,2,1
55,13,2,1
===== 113 =====
6,4,2,1
11,0,2,3
11,10,2,2
13,13,2,1
16,5,2,2
17,6,2,2
19,3,2,1
21,13,2,1
34,10,2,1
45,5,2,1
51,11,2,3
53,0,2,1
55,6,2,1
57,15,2,1
60,6,2,2
===== 114 =====
2,0,2,1
5,15,2,2
13,1,2,3
13,5,2,4
19,10,2,2
28,13,2,2
32,9,2,1
35,0,2,1
55,14,2,1
60,8,2,1
61,4,2,1
62,0,2,2
===== 115 =====
1,4,2,2
3,8,2,3
17,3,2,1
17,6,2,2
17,13,2,2
19,8,2,1
23,13,2,1
24,6,2,1
27,14,2,2
28,2,2,1
29,11,2,2
37,1,2,1
37,6,2,3
38,7,2,2
38,12,2,2
39,4,2,3
39,9,2,2
41,5,2,2
41,6,2,2
43,4,2,2
49,3,2,2
51,7,2,1
52,8,2,3
53,7,2,1
58,15,2,2
63,7,2,1
===== 116 =====
1,12,2,1
1,14,2,1
13,12,2,1
21,1,2,1
22,2,2,3
24,8,2,5
24,10,2,2
26,8,2,2
26,13,2,2
31,14,2,3
36,3,2,1
36,14,2,2
45,4,2,1
45,8,2,1
47,14,2,2
51,2,2,2
53,14,2,2
55,9,2,2
62,5,2,1
===== 117 =====
4,12,2,1
6,4,2,1
10,10,2,2
18,1,2,3
25,15,2,1
31,9,2,1
32,7,2,3
40,9,2,1
45,14,2,1
48,3,2,3
===== 118 =====
0,9,2,1
2,9,2,1
6,1,2,1
22,14,2,3
26,15,2,1
27,11,2,3
28,2,2,2
33,10,2,1
39,0,2,2
43,7,2,2
46,15,2,2
59,3,2,1
60,15,2,1
62,4,2,1
63,3,2,1
63,13,2,2
===== 119 =====
2,9,2,1
10,14,2,2
19,13,2,1
24,9,2,3
25,13,2,2
30,1,2,1
30,3,2,1
31,10,2,3
34,12,2,3
35,5,2,1
37,1,2,1
41,6,2,3
48,7,2,3
52,1,2,2
54,3,2,1
56,11,2,2
===== 120 =====
0,12,2,1
2,5,2,2
4,3,2,1
4,8,2,2
5,10,2,3
11,1,2,1
22,4,2,2
27,7,2,2
27,8,2,2
28,7,2,2
28,8,2,4
30,7,2,1
30,15,2,2
42,5,2,1
46,12,2,2
49,12,2,1
50,3,2,1
50,5,2,2
51,8,2,2
53,0,2,1
54,4,2,1
59,12,2,1
===== 121 =====
8,4,2,2
9,3,2,1
9,14,2,1
10,0,2,2
13,0,2,1
13,1,2,2
13,15,2,1
22,3,2,2
27,6,2,3
27,12,2,2
29,4,2,2
30,8,2,3
31,1,2,3
31,5,2,4
34,14,2,1
39,6,2,1
42,1,2,1
43,2,2,2
43,15,2,3
48,4,2,2
49,14,2,1
52,5,2,3
55,10,2,1
57,13,2,1
===== 122 =====
6,6,2,1
12,3,2,5
12,6,2,2
14,3,2,2
16,1,2,1
19,7,2,2
27,4,2,2
28,15,2,2
34,1,2,1
43,5,2,3
52,3,2,1
52,9,2,1
54,12,2,1
58,6,2,1
===== 123 =====
1,15,2,3
10,9,2,1
11,0,2,2
11,10,2,1
19,10,2,1
38,14,2,1
51,3,2,1
51,7,2,2
52,12,2,5
55,6,2,2
===== 124 =====
8,0,2,1
9,6,2,2
9,8,2,3
10,7,2,2
10,15,2,1
13,1,2,2
15,5,2,3
22,0,2,3
24,14,2,2
30,8,2,1
30,14,2,1
32,10,2,2
32,14,2,3
34,0,2,1
35,14,2,4
37,12,2,2
39,6,2,2
45,15,2,3
46,8,2,1
54,13,2,3
54,14,2,4
56,0,2,1
58,12,2,2
58,14,2,1
===== 125 =====
6,12,2,2
7,3,2,2
11,9,2,2
13,12,2,3
13,13,2,2
14,7,2,1
20,9,2,3
25,14,2,1
27,2,2,2
30,5,2,1
36,1,2,1
36,2,2,2
40,4,2,5
41,15,2,1
52,1,2,1
53,6,2,1
59,14,2,2
61,15,2,1
62,14,2,1
===== 126 =====
0,12,2,2
6,11,2,2
9,12,2,1
12,6,2,2
21,2,2,1
27,0,2,6
33,11,2,3
35,15,2,2
37,2,2,3
43,8,2,2
48,2,2,2
53,9,2,1
===== 127 =====
5,1,2,2
6,3,2,2
8,6,2,2
8,7,2,1
12,0,2,2
16,15,2,2
18,2,2,3
33,0,2,1
33,11,2,1
37,15,2,1
38,1,2,1
42,6,2,2
47,8,2,2
47,11,2,2
48,8,2,2
53,4,2,1
53,9,2,1
54,7,2,3
54,13,2,1
===== 128 =====
0,6,2,2
7,7,2,1
8,15,2,2
9,1,2,2
11,15,2,3
16,6,2,3
18,0,2,1
18,1,2,3
22,2,2,1
23,0,2,2
25,10,2,1
26,7,2,1
34,7,2,1
37,4,2,2
41,7,2,4
43,11,2,3
49,10,2,2
50,2,2,1
51,12,2,2
62,0,2,3
===== 129 =====
0,14,2,2
3,12,2,1
11,0,2,2
20,7,2,2
20,9,2,3
22,8,2,2
23,3,2,3
24,13,2,1
31,1,2,3
31,11,2,3
34,3,2,3
34,4,2,2
35,3,2,1
37,6,2,1
38,14,2,1
39,14,2,2
40,14,2,1
45,15,2,2
47,14,2,3
49,15,2,1
56,7,2,1
===== 130 =====
3,1,2,1
9,11,2,2
11,4,2,1
15,11,2,2
17,11,2,1
28,11,2,2
30,15,2,2
39,14,2,1
41,9,2,2
43,2,2,1
44,13,2,3
46,8,2,1
50,11,2,3
53,12,2,1
===== 131 =====
0,15,2,1
2,11,2,2
3,3,2,1
6,4,2,3
7,4,2,2
12,1,2,2
13,5,2,1
21,11,2,1
24,14,2,2
27,13,2,4
28,3,2,2
33,3,2,1
39,0,2,1
43,0,2,2
52,3,2,1
54,15,2,3
58,0,2,1
59,0,2,2
62,11,2,2
===== 132 =====
2,3,2,2
5,5,2,2
5,10,2,1
6,9,2,3
10,7,2,3
11,3,2,2
11,8,2,1
20,12,2,2
22,12,2,2
24,14,2,2
27,4,2,2
32,6,2,2
32,14,2,1
33,8,2,2
34,7,2,2
34,8,2,1
34,9,2,1
37,14,2,3
45,4,2,1
45,13,2,2
48,6,2,1
51,3,2,3
52,6,2,1
55,0,2,2
58,4,2,3
58,10,2,1
62,6,2,4
63,3,2,2
===== 133 =====
1,1,2,1
2,4,2,1
3,4,2,2
5,6,2,1
7,9,2,2
15,9,2,2
16,4,2,2
25,9,2,2
26,6,2,1
30,12,2,1
33,9,2,2
34,10,2,2
39,12,2,2
40,0,2,2
41,14,2,2
44,2,2,3
45,10,2,1
48,6,2,2
59,3,2,1
===== 134 =====
6,15,2,2
9,2,2,1
14,11,2,2
28,15,2,2
30,10,2,2
35,2,2,1
35,8,2,3
36,9,2,1
45,6,2,1
47,6,2,2
56,3,2,2
57,4,2,2
57,15,2,1
58,0,2,1
===== 135 =====
0,13,2,1
16,13,2,1
20,5,2,2
20,15,2,2
21,4,2,2
23,1,2,1
23,10,2,1
28,2,2,1
32,0,2,2
36,8,2,1
36,10,2,2
40,5,2,1
40,6,2,4
40,7,2,1
42,9,2,3
46,9,2,3
===== 136 =====
2,3,2,1
3,6,2,2
4,14,2,2
5,8,2,2
8,13,2,1
14,4,2,3
22,10,2,1
25,3,2,2
29,2,2,2
32,8,2,2
39,14,2,1
43,13,2,2
48,3,2,2
49,10,2,2
50,8,2,1
50,9,2,1
57,1,2,1
60,1,2,1
===== 137 =====
2,13,2,1
4,8,2,1
6,7,2,2
7,5,2,1
14,4,2,2
14,6,2,2
15,4,2,2
17,6,2,1
18,1,2,1
25,1,2,2
27,5,2,2
27,12,2,1
30,11,2,5
31,4,2,2
38,8,2,2
40,15,2,3
41,5,2,3
43,15,2,1
44,15,2,3
52,4,2,1
53,5,2,2
56,15,2,1
59,12,2,1
61,14,2,2
62,15,2,1
63,11,2,1
===== 138 =====
1,10,2,1
3,5,2,2
10,1,2,4
12,5,2,1
15,12,2,2
22,13,2,3
29,2,2,1
30,13,2,1
35,11,2,1
49,8,2,2
52,7,2,1
56,8,2,2
56,13,2,2
58,6,2,3
60,0,2,1
61,15,2,1
62,11,2,1
===== 139 =====
0,13,2,2
1,15,2,2
7,11,2,1
12,10,2,1
18,4,2,2
29,13,2,1
32,12,2,2
39,9,2,2
46,12,2,1
49,12,2,1
55,5,2,3
59,12,2,1
===== 140 =====
1,7,2,2
9,13,2,1
10,15,2,1
13,6,2,2
20,9,2,1
21,13,2,2
35,15,2,1
38,10,2,2
43,13,2,2
47,3,2,1
48,3,2,2
53,12,2,2
55,6,2,2
56,7,2,1
57,14,2,2
60,9,2,2
===== 141 =====
0,4,2,2
1,9,2,1
2,6,2,1
6,11,2,3
7,13,2,2
9,2,2,3
14,15,2,1
19,1,2,2
19,8,2,1
20,3,2,1
21,12,2,4
24,5,2,2
38,5,2,1
38,8,2,3
44,10,2,1
46,15,2,3
48,1,2,1
49,12,2,1
59,5,2,2
60,2,2,1
62,15,2,1
63,4,2,2
===== 142 =====
1,1,2,1
1,4,2,3
2,10,2,1
3,12,2,1
11,3,2,2
12,5,2,1
13,2,2,2
14,9,2,1
15,14,2,1
16,15,2,3
17,1,2,2
29,2,2,1
31,10,2,2
33,1,2,2
34,1,2,1
34,10,2,1
37,12,2,1
40,12,2,1
43,11,2,1
45,6,2,3
45,9,2,2
47,1,2,1
49,2,2,1
51,1,2,1
51,4,2,2
52,7,2,2
61,0,2,1
62,5,2,1
62,7,2,1
62,10,2,1
63,9,2,1
===== 143 =====
0,7,2,1
3,9,2,2
8,2,2,1
9,3,2,1
9,12,2,2
18,1,2,3
21,12,2,2
25,4,2,2
29,0,2,3
35,13,2,2
38,9,2,2
45,2,2,1
51,11,2,3
53,11,2,1
53,13,2,3
59,0,2,2
61,12,2,1
62,12,2,2
===== 144 =====
3,4,2,1
6,12,2,1
9,15,2,2
14,7,2,2
18,11,2,3
18,12,2,2
26,6,2,1
26,10,2,2
33,9,2,2
37,7,2,2
44,10,2,3
48,9,2,1
48,13,2,3
53,2,2,1
56,12,2,3
57,4,2,2
60,10,2,2
63,10,2,1
===== 145 =====
1,13,2,1
4,5,2,1
6,2,2,2
7,9,2,1
9,5,2,2
17,1,2,2
26,8,2,3
28,3,2,1
29,8,2,1
30,3,2,3
31,4,2,1
31,8,2,1
37,5,2,1
40,6,2,2
42,7,2,2
42,8,2,3
43,4,2,2
46,9,2,3
49,15,2,2
50,8,2,2
50,15,2,1
58,9,2,1
===== 146 =====
13,0,2,3
16,8,2,4
25,10,2,2
26,5,2,3
28,5,2,2
29,10,2,1
31,4,2,1
31,7,2,2
36,11,2,2
39,12,2,2
40,0,2,1
42,10,2,1
43,10,2,2
48,13,2,1
50,12,2,1
55,6,2,1
59,5,2,1
62,15,2,2
===== 147 =====
1,8,2,1
3,2,2,1
11,8,2,2
18,12,2,1
19,9,2,1
24,5,2,3
24,11,2,2
32,3,2,2
35,2,2,2
37,13,2,3
38,4,2,5
38,11,2,1
42,11,2,2
45,2,2,1
48,11,2,1
49,10,2,2
55,2,2,2
===== 148 =====
0,9,2,2
7,9,2,1
10,7,2,2
12,3,2,2
14,3,2,2
15,0,2,4
17,0,2,2
17,10,2,2
17,13,2,1
26,5,2,3
26,7,2,2
28,13,2,1
29,12,2,4
37,14,2,1
38,11,2,1
40,5,2,3
40,8,2,2
44,11,2,1
46,9,2,1
47,0,2,2
48,3,2,2
52,11,2,1
53,7,2,1
54,0,2,1
59,11,2,1
===== 149 =====
3,8,2,2
4,2,2,2
5,15,2,1
6,1,2,3
8,1,2,2
16,11,2,2
19,11,2,1
25,9,2,3
38,2,2,2
43,4,2,3
44,10,2,1
45,0,2,2
46,4,2,1
46,13,2,1
47,8,2,2
48,3,2,2
51,10,2,2
56,12,2,1
===== 150 =====
3,3,2,1
4,10,2,1
5,1,2,1
8,9,2,1
9,6,2,2
12,6,2,1
13,5,2,2
13,6,2,2
15,15,2,3
17,1,2,2
20,5,2,2
20,15,2,5
22,10,2,2
37,5,2,1
39,6,2,1
51,13,2,2
52,1,2,2
56,7,2,1
56,15,2,1
59,2,2,1
63,13,2,3
===== 151 =====
2,4,2,1
2,6,2,2
2,13,2,1
3,11,2,1
7,1,2,1
8,5,2,1
15,13,2,2
25,5,2,3
31,10,2,2
35,4,2,3
37,12,2,1
42,6,2,2
46,14,2,1
54,12,2,1
56,0,2,1
===== 152 =====
5,4,2,2
11,5,2,1
16,13,2,3
16,15,2,1
20,3,2,3
21,5,2,1
22,6,2,2
23,2,2,4
25,13,2,2
34,13,2,1
36,3,2,2
37,8,2,2
43,5,2,3
45,3,2,2
50,11,2,2
54,12,2,1
54,14,2,2
59,11,2,1
60,4,2,3
60,5,2,1
63,4,2,2
===== 153 =====
4,15,2,1
7,1,2,2
8,6,2,1
10,7,2,4
14,3,2,3
19,2,2,3
24,4,2,1
40,14,2,2
42,13,2,2
45,9,2,1
51,11,2,2
53,12,2,2
57,10,2,1
60,13,2,1
61,11,2,2
62,3,2,2
===== 154 =====
2,2,2,1
4,9,2,1
9,3,2,1
11,13,2,1
13,5,2,2
14,0,2,2
14,4,2,4
14,14,2,2
20,13,2,1
22,13,2,4
23,6,2,1
24,2,2,2
27,11,2,2
29,2,2,2
38,3,2,2
40,12,2,2
49,3,2,1
49,6,2,2
49,15,2,1
61,14,2,2
63,13,2,1
===== 155 =====
4,11,2,1
5,6,2,1
5,13,2,1
6,9,2,2
7,3,2,1
9,0,2,2
15,14,2,1
20,0,2,1
22,10,2,1
22,15,2,1
29,8,2,1
29,15,2,2
30,6,2,4
31,1,2,1
37,3,2,2
40,2,2,3
45,0,2,1
50,1,2,2
51,9,2,1
53,7,2,2
53,13,2,3
55,2,2,1
56,7,2,2
57,5,2,2
59,7,2,2
60,2,2,1
60,7,2,1
===== 156 =====
0,15,2,1
1,11,2,2
5,10,2,1
6,7,2,1
16,8,2,2
23,1,2,2
29,0,2,3
38,13,2,2
44,4,2,1
45,9,2,2
51,8,2,1
53,2,2,2
56,10,2,1
===== 157 =====
2,5,2,1
15,1,2,3
16,10,2,2
18,14,2,2
19,3,2,2
39,5,2,3
46,7,2,3
48,14,2,1
50,15,2,2
56,4,2,1
59,11,2,1
61,11,2,1
62,0,2,3
===== 158 =====
0,13,2,1
6,13,2,1
7,0,2,1
10,0,2,2
10,8,2,1
13,12,2,2
13,14,2,2
15,0,2,5
15,9,2,2
15,14,2,1
17,0,2,1
18,4,2,1
18,12,2,2
23,0,2,3
23,3,2,3
23,10,2,1
25,5,2,5
29,8,2,2
31,6,2,1
35,2,2,2
38,13,2,3
46,13,2,2
50,3,2,2
50,6,2,1
53,3,2,1
54,9,2,2
===== 159 =====
8,8,2,2
10,9,2,2
10,11,2,1
13,6,2,2
16,5,2,3
17,10,2,1
20,11,2,2
21,2,2,3
27,12,2,1
27,14,2,1
30,8,2,1
31,4,2,2
31,13,2,2
32,14,2,5
33,2,2,1
38,1,2,1
42,9,2,1
49,10,2,1
50,9,2,2
50,11,2,2
51,13,2,1
57,2,2,3
61,11,2,1
===== 160 =====
0,0,2,1
0,9,2,2
2,8,2,1
7,0,2,2
11,12,2,1
19,3,2,2
21,11,2,2
24,2,2,2
25,6,2,3
29,7,2,1
37,10,2,2
41,7,2,2
46,4,2,2
58,2,2,2
===== 161 =====
3,1,2,2
4,14,2,2
7,11,2,4
14,6,2,2
18,1,2,3
21,6,2,2
27,15,2,1
34,12,2,3
38,8,2,3
38,15,2,2
39,1,2,1
41,11,2,5
42,2,2,1
47,3,2,1
47,13,2,2
48,8,2,2
49,7,2,1
51,2,2,4
53,3,2,2
54,6,2,2
55,8,2,2
56,9,2,2
58,4,2,1
59,8,2,1
===== 162 =====
0,1,2,1
0,14,2,1
12,15,2,2
13,4,2,1
16,4,2,2
19,10,2,2
39,2,2,1
51,4,2,1
58,5,2,3
59,6,2,1
59,15,2,1
62,14,2,3
63,13,2,2
63,15,2,1
===== 163 =====
1,2,2,1
1,12,2,1
5,14,2,1
11,6,2,1
18,15,2,2
19,13,2,3
24,12,2,3
25,6,2,1
25,9,2,2
26,5,2,2
27,4,2,3
38,12,2,2
40,2,2,1
40,6,2,1
46,11,2,3
48,0,2,3
49,13,2,2
51,1,2,3
52,6,2,1
54,7,2,1
62,3,2,1
===== 164 =====
2,8,2,2
3,9,2,1
7,13,2,1
9,13,2,2
11,8,2,1
15,10,2,1
23,12,2,2
24,10,2,2
25,14,2,2
26,14,2,2
27,10,2,2
27,12,2,2
28,8,2,2
36,13,2,1
41,5,2,1
48,4,2,4
50,6,2,2
51,7,2,1
52,0,2,2
55,1,2,2
63,0,2,1
===== 165 =====
16,15,2,2
17,4,2,1
18,4,2,1
18,10,2,1
29,13,2,1
32,5,2,2
35,0,2,1
37,14,2,1
40,3,2,1
44,6,2,1
55,6,2,3
59,3,2,1
61,12,2,1
===== 166 =====
0,2,2,1
5,5,2,3
5,11,2,1
9,1,2,1
11,4,2,1
11,12,2,1
13,6,2,1
13,11,2,1
17,5,2,2
18,11,2,2
18,13,2,3
19,4,2,3
23,14,2,2
30,0,2,1
30,11,2,2
38,12,2,2
50,9,2,1
57,7,2,1
58,6,2,4
59,10,2,5
62,0,2,1
62,11,2,1
63,6,2,1
===== 167 =====
1,12,2,1
4,7,2,1
6,1,2,3
6,4,2,2
10,4,2,1
13,12,2,5
15,14,2,1
22,7,2,2
31,4,2,2
33,6,2,2
33,13,2,1
35,2,2,2
36,6,2,1
39,0,2,1
56,10,2,1
58,15,2,2
61,5,2,1
===== 168 =====
4,5,2,2
9,9,2,2
13,12,2,3
15,5,2,2
15,6,2,1
21,13,2,2
23,8,2,1
25,4,2,1
26,13,2,1
28,1,2,2
29,3,2,1
33,7,2,2
36,6,2,1
37,3,2,2
38,7,2,3
42,6,2,1
42,9,2,2
46,1,2,4
46,12,2,1
46,14,2,1
48,6,2,2
54,9,2,3
56,10,2,2
58,3,2,2
61,5,2,2
===== 169 =====
8,8,2,3
8,13,2,1
19,12,2,4
26,8,2,2
27,0,2,1
29,5,2,1
31,13,2,1
33,15,2,1
40,1,2,1
40,2,2,3
40,5,2,1
49,7,2,2
55,14,2,2
62,11,2,1
===== 170 =====
2,10,2,1
10,4,2,2
13,11,2,1
18,7,2,1
22,8,2,2
23,0,2,1
27,7,2,2
29,6,2,2
35,3,2,1
35,11,2,2
50,3,2,3
57,0,2,2
===== 171 =====
1,7,2,4
3,10,2,1
10,4,2,2
11,5,2,2
16,7,2,1
17,11,2,2
19,0,2,1
20,4,2,2
24,7,2,2
26,10,2,2
30,3,2,1
38,14,2,2
40,7,2,2
44,11,2,4
48,15,2,2
51,3,2,2
52,4,2,2
56,7,2,2
57,8,2,1
===== 172 =====
1,4,2,2
2,14,2,1
4,13,2,1
14,3,2,1
15,15,2,2
18,11,2,2
18,13,2,2
19,4,2,1
23,14,2,1
27,6,2,2
28,5,2,2
28,14,2,2
31,15,2,3
33,7,2,3
35,7,2,4
37,5,2,1
38,14,2,2
39,2,2,1
40,15,2,1
42,11,2,1
47,8,2,2
53,6,2,2
54,8,2,3
55,0,2,1
57,6,2,2
62,12,2,3
===== 173 =====
14,11,2,1
27,7,2,7
29,13,2,2
34,5,2,1
37,0,2,1
37,15,2,3
41,5,2,1
45,4,2,4
49,10,2,2
50,4,2,4
51,4,2,1
52,13,2,1
55,1,2,1
59,4,2,2
===== 174 =====
1,5,2,1
1,14,2,1
5,9,2,1
8,14,2,1
11,3,2,1
11,8,2,2
13,7,2,1
16,2,2,1
17,12,2,1
33,10,2,2
44,5,2,2
59,2,2,1
62,1,2,2
===== 175 =====
5,15,2,1
6,15,2,3
8,13,2,2
13,2,2,2
18,11,2,2
21,7,2,1
22,7,2,2
23,0,2,2
25,2,2,2
28,4,2,1
38,10,2,1
39,0,2,2
39,10,2,2
46,7,2,1
49,1,2,2
49,8,2,2
60,1,2,2
===== 176 =====
2,13,2,3
5,2,2,1
6,14,2,2
8,11,2,1
11,2,2,1
11,15,2,1
15,4,2,2
20,13,2,2
24,5,2,3
25,4,2,2
25,5,2,3
29,3,2,2
40,10,2,2
58,3,2,2
59,9,2,2
59,11,2,1
===== 177 =====
4,0,2,1
16,1,2,2
21,10,2,3
33,1,2,1
44,6,2,1
48,3,2,2
48,14,2,2
51,7,2,1
58,3,2,1
58,12,2,2
59,5,2,2
===== 178 =====
7,1,2,1
15,3,2,1
17,6,2,2
39,10,2,1
45,7,2,1
47,10,2,2
51,5,2,2
62,9,2,1
===== 179 =====
2,3,2,1
2,15,2,1
3,7,2,1
9,2,2,2
10,11,2,2
14,15,2,1
15,6,2,1
17,2,2,2
17,7,2,2
19,11,2,1
26,10,2,2
32,14,2,3
33,11,2,3
34,3,2,4
34,14,2,1
39,0,2,1
43,7,2,1
45,12,2,1
46,11,2,1
48,6,2,4
58,5,2,1
===== 180 =====
0,0,2,1
7,0,2,1
7,6,2,1
7,7,2,2
8,7,2,1
11,5,2,1
14,9,2,2
15,8,2,2
16,1,2,1
20,7,2,2
28,2,2,2
46,10,2,1
47,7,2,1
50,0,2,1
53,13,2,1
60,10,2,1
61,3,2,1
===== 181 =====
4,5,2,1
7,0,2,2
8,5,2,1
9,13,2,2
10,6,2,2
12,2,2,1
12,4,2,2
12,12,2,1
18,9,2,1
20,7,2,2
21,14,2,1
23,7,2,1
28,6,2,1
36,3,2,2
40,5,2,5
41,14,2,1
42,5,2,1
47,7,2,2
56,9,2,1
60,11,2,3
===== 182 =====
1,5,2,1
4,5,2,1
8,8,2,2
9,6,2,2
9,12,2,3
10,6,2,1
12,6,2,1
13,2,2,2
13,9,2,2
15,0,2,3
17,1,2,1
17,8,2,2
27,6,2,2
32,4,2,4
33,8,2,2
48,12,2,2
50,7,2,1
57,2,2,2
59,11,2,2
60,2,2,1
61,8,2,1
63,15,2,1
===== 183 =====
1,8,2,1
3,3,2,1
5,3,2,1
18,9,2,2
22,9,2,1
24,7,2,1
24,8,2,2
30,3,2,2
30,9,2,1
30,15,2,2
32,10,2,1
36,12,2,3
38,7,2,2
40,2,2,2
41,4,2,3
44,1,2,1
46,15,2,2
55,7,2,2
58,7,2,1
59,9,2,3
59,15,2,1
61,4,2,1
62,6,2,1
62,7,2,1
63,11,2,1
===== 184 =====
0,2,2,1
5,14,2,1
6,10,2,2
7,11,2,2
18,6,2,2
18,14,2,1
22,6,2,2
28,15,2,3
30,2,2,1
37,10,2,2
42,1,2,1
51,14,2,1
53,8,2,5
59,6,2,1
62,2,2,2
62,3,2,1
62,6,2,2
63,9,2,3
63,15,2,1
===== 185 =====
1,5,2,1
2,13,2,2
14,4,2,4
20,10,2,2
23,1,2,3
23,8,2,1
26,9,2,1
32,0,2,3
37,14,2,3
44,11,2,1
45,0,2,1
53,5,2,2
55,5,2,2
56,11,2,1
61,11,2,2
===== 186 =====
0,2,2,1
2,2,2,1
6,6,2,2
8,12,2,1
10,13,2,1
13,13,2,1
15,14,2,1
18,3,2,1
19,10,2,2
20,1,2,5
26,13,2,1
28,1,2,2
32,5,2,2
36,0,2,3
37,14,2,1
38,6,2,1
44,5,2,1
54,13,2,1
56,1,2,3
===== 187 =====
0,15,2,1
2,11,2,1
4,4,2,1
5,5,2,1
5,9,2,1
6,7,2,2
7,7,2,1
14,15,2,2
17,13,2,2
20,14,2,2
22,11,2,1
26,13,2,2
28,6,2,2
30,0,2,3
30,1,2,2
30,10,2,1
31,2,2,1
33,10,2,1
33,15,2,2
39,13,2,1
45,5,2,1
49,7,2,1
49,11,2,1
51,12,2,1
54,15,2,4
61,12,2,2
63,13,2,1
===== 188 =====
2,2,2,1
4,2,2,2
5,8,2,1
9,7,2,2
9,11,2,1
11,1,2,1
16,12,2,3
18,1,2,2
19,9,2,2
20,6,2,2
20,14,2,1
23,6,2,2
28,2,2,2
34,1,2,2
34,9,2,2
36,4,2,3
37,1,2,2
43,1,2,2
43,10,2,2
49,12,2,1
53,2,2,1
56,2,2,1
56,8,2,1
56,14,2,1
59,5,2,1
63,3,2,1
===== 189 =====
0,5,2,2
2,15,2,3
4,4,2,1
5,3,2,1
7,2,2,1
16,4,2,2
18,14,2,1
25,15,2,2
31,3,2,2
40,2,2,1
40,6,2,1
41,9,2,1
43,9,2,1
46,8,2,1
47,8,2,1
49,13,2,2
56,2,2,1
56,3,2,3
59,9,2,2
59,13,2,2
===== 190 =====
0,0,2,1
2,1,2,1
2,12,2,3
7,14,2,2
16,10,2,3
18,11,2,2
23,8,2,2
25,6,2,1
27,2,2,3
33,13,2,1
37,7,2,2
39,2,2,3
42,13,2,3
45,15,2,2
46,5,2,2
49,3,2,1
53,15,2,1
55,0,2,1
59,8,2,1
62,4,2,1
===== 191 =====
4,12,2,1
11,14,2,1
19,11,2,2
30,5,2,1
33,2,2,1
33,6,2,1
35,11,2,2
40,5,2,1
45,9,2,2
49,11,2,2
51,6,2,3
52,9,2,1
57,11,2,3
61,0,2,1
61,13,2,2
62,4,2,1
===== 192 =====
1,12,2,2
6,15,2,1
7,11,2,1
16,15,2,1
26,8,2,2
28,5,2,1
36,1,2,2
41,1,2,2
41,4,2,2
42,7,2,2
45,12,2,2
47,5,2,2
47,10,2,1
51,11,2,1
52,7,2,3
55,9,2,1
===== 193 =====
2,1,2,1
7,0,2,2
22,8,2,5
24,4,2,1
26,7,2,2
29,10,2,2
36,2,2,1
55,8,2,1
56,10,2,1
62,11,2,1
63,5,2,1
63,13,2,2
===== 194 =====
6,3,2,1
8,5,2,1
13,7,2,1
16,11,2,1
26,8,2,2
34,14,2,2
36,1,2,1
38,0,2,1
40,6,2,3
47,7,2,2
52,7,2,2
52,13,2,1
61,15,2,1
===== 195 =====
0,11,2,1
5,8,2,1
8,2,2,1
9,12,2,1
12,6,2,2
13,7,2,2
16,2,2,1
25,2,2,1
31,1,2,3
33,10,2,2
33,11,2,1
34,2,2,3
41,2,2,1
49,9,2,2
54,7,2,3
56,14,2,1
61,3,2,2
===== 196 =====
0,5,2,1
1,5,2,1
11,8,2,2
14,2,2,2
19,5,2,2
21,9,2,2
26,13,2,1
28,15,2,2
35,7,2,2
36,7,2,2
38,2,2,2
40,7,2,1
41,15,2,1
45,5,2,2
48,0,2,1
48,14,2,1
49,11,2,3
50,3,2,3
53,12,2,2
61,10,2,1
63,11,2,2
===== 197 =====
16,9,2,1
18,9,2,1
19,12,2,2
24,1,2,3
26,5,2,2
27,12,2,1
33,15,2,1
36,15,2,2
38,2,2,3
38,13,2,1
41,12,2,1
43,1,2,1
49,13,2,3
60,2,2,1
===== 198 =====
0,14,2,1
4,11,2,2
4,15,2,1
13,4,2,2
24,1,2,2
26,13,2,2
31,11,2,2
32,6,2,1
34,2,2,1
36,8,2,2
40,8,2,2
41,7,2,2
57,8,2,1
60,9,2,2
63,15,2,2
===== 199 =====
0,13,2,2
8,13,2,1
9,12,2,2
11,14,2,2
21,8,2,1
24,4,2,1
24,14,2,1
28,12,2,1
36,14,2,4
37,3,2,2
48,11,2,2
55,3,2,2
56,3,2,1
===== 200 =====
2,9,2,4
3,3,2,3
9,13,2,1
11,1,2,1
16,0,2,1
17,4,2,2
27,5,2,3
28,1,2,2
32,14,2,2
33,4,2,1
34,12,2,1
36,5,2,3
36,11,2,2
40,2,2,1
40,10,2,1
48,13,2,2
54,6,2,2
57,12,2,4
===== 201 =====
3,13,2,2
4,2,2,2
6,2,2,2
13,7,2,1
17,6,2,2
19,12,2,1
21,2,2,4
25,15,2,2
28,10,2,2
34,8,2,1
35,8,2,2
36,12,2,2
37,15,2,2
47,11,2,2
47,14,2,3
53,2,2,2
58,0,2,1
61,0,2,1
63,9,2,2
===== 202 =====
3,9,2,1
4,13,2,1
8,1,2,1
11,12,2,2
13,10,2,1
19,6,2,1
24,8,2,3
25,2,2,2
28,13,2,6
29,7,2,2
31,6,2,3
35,4,2,2
38,5,2,3
42,1,2,1
42,7,2,3
42,10,2,1
45,0,2,1
49,15,2,1
50,14,2,3
===== 203 =====
2,10,2,1
7,0,2,2
8,7,2,1
9,0,2,3
10,5,2,1
10,7,2,2
10,11,2,2
11,15,2,1
15,0,2,1
17,3,2,1
18,0,2,1
18,10,2,1
19,11,2,1
20,3,2,4
35,6,2,3
44,4,2,2
48,2,2,4
50,7,2,1
55,10,2,1
62,6,2,1
62,14,2,1
===== 204 =====
0,1,2,1
4,8,2,1
6,12,2,1
8,11,2,2
10,0,2,1
14,7,2,2
17,11,2,1
20,8,2,2
24,12,2,1
30,6,2,2
30,15,2,2
34,11,2,2
38,0,2,1
38,10,2,2
39,0,2,1
40,14,2,4
45,3,2,3
52,5,2,3
53,2,2,2
55,8,2,1
56,8,2,4
57,9,2,1
61,0,2,2
62,2,2,1
===== 205 =====
6,6,2,1
7,1,2,1
7,7,2,2
20,11,2,1
21,11,2,1
22,8,2,2
23,14,2,1
31,13,2,2
43,3,2,2
44,13,2,3
47,10,2,1
47,12,2,2
50,7,2,1
56,12,2,3
57,6,2,1
59,8,2,1
62,6,2,1
===== 206 =====
2,2,2,1
8,6,2,3
12,8,2,3
15,15,2,1
24,12,2,2
26,2,2,1
31,14,2,1
41,2,2,2
42,14,2,1
42,15,2,2
45,11,2,2
48,8,2,2
51,10,2,2
52,10,2,1
57,9,2,1
61,14,2,1
63,3,2,1
===== 207 =====
2,2,2,1
7,12,2,1
11,8,2,2
18,8,2,3
19,5,2,2
20,12,2,2
22,15,2,1
30,10,2,1
31,6,2,1
34,14,2,2
37,12,2,1
41,1,2,1
45,6,2,2
46,3,2,2
47,13,2,2
57,14,2,1
61,2,2,1
61,3,2,1
63,0,2,1
63,12,2,1
===== 208 =====
1,3,2,2
5,5,2,2
6,1,2,1
8,6,2,2
10,2,2,2
21,2,2,3
21,8,2,2
28,1,2,1
28,7,2,2
29,5,2,1
31,14,2,2
39,7,2,4
46,14,2,1
52,9,2,1
55,9,2,2
58,7,2,2
62,0,2,1
===== 209 =====
2,2,2,1
3,8,2,3
5,2,2,1
5,10,2,2
8,10,2,4
11,11,2,2
18,13,2,1
30,13,2,2
39,7,2,2
40,6,2,3
43,0,2,3
43,8,2,4
47,1,2,1
52,0,2,1
52,13,2,2
53,13,2,1
58,14,2,1
===== 210 =====
0,13,2,1
2,2,2,1
4,2,2,3
8,11,2,2
11,10,2,2
15,7,2,2
19,13,2,3
31,2,2,1
31,8,2,2
32,15,2,2
37,7,2,2
37,14,2,1
38,6,2,1
38,11,2,6
40,14,2,1
41,10,2,1
41,12,2,3
45,8,2,3
55,1,2,1
55,5,2,3
56,8,2,1
58,15,2,1
60,14,2,2
62,3,2,1
===== 211 =====
1,10,2,2
2,14,2,2
10,1,2,3
10,8,2,2
11,15,2,2
12,4,2,2
15,3,2,2
16,4,2,2
17,4,2,2
20,10,2,3
22,5,2,1
22,6,2,1
22,11,2,3
24,8,2,2
24,12,2,2
28,14,2,5
29,4,2,3
33,5,2,1
36,7,2,3
41,4,2,2
41,9,2,3
42,1,2,1
43,3,2,3
43,8,2,3
45,9,2,2
53,10,2,2
53,14,2,1
57,13,2,2
60,4,2,1
===== 212 =====
3,7,2,1
7,4,2,2
12,15,2,1
13,15,2,3
16,12,2,1
23,4,2,2
23,6,2,1
30,4,2,2
39,15,2,2
46,15,2,1
48,9,2,1
53,3,2,1
57,1,2,1
59,5,2,1
59,9,2,1
60,9,2,1
63,5,2,2
===== 213 =====
4,15,2,1
9,11,2,3
9,14,2,3
13,5,2,1
15,11,2,1
19,1,2,2
27,3,2,1
27,8,2,1
29,5,2,1
31,14,2,3
32,9,2,3
37,13,2,2
38,10,2,3
39,6,2,2
40,0,2,1
44,9,2,2
62,6,2,1
63,15,2,1
===== 214 =====
1,15,2,2
7,5,2,1
16,10,2,2
21,5,2,1
30,6,2,2
30,15,2,2
31,7,2,2
41,15,2,1
51,12,2,1
55,12,2,1
58,1,2,1
62,11,2,3
===== 215 =====
0,6,2,2
2,4,2,2
12,1,2,2
12,7,2,2
16,8,2,2
22,6,2,1
24,0,2,1
28,7,2,2
31,6,2,3
39,5,2,2
41,2,2,1
41,3,2,1
41,6,2,1
47,8,2,2
52,7,2,2
54,1,2,3
62,7,2,1
===== 216 =====
8,11,2,1
20,13,2,2
31,2,2,1
31,9,2,2
37,1,2,1
39,7,2,2
44,13,2,1
48,4,2,1
49,15,2,1
56,15,2,3
61,12,2,1
===== 217 =====
3,0,2,2
3,13,2,1
8,0,2,1
9,9,2,2
10,0,2,1
10,12,2,1
14,0,2,4
16,9,2,1
19,13,2,3
23,3,2,3
23,8,2,1
25,6,2,2
26,1,2,1
27,5,2,4
31,6,2,2
33,4,2,2
34,9,2,2
36,2,2,1
37,8,2,2
38,0,2,2
38,7,2,1
38,10,2,2
54,9,2,1
55,6,2,3
57,8,2,1
59,14,2,2
===== 218 =====
0,15,2,1
6,13,2,1
13,12,2,1
18,9,2,1
20,7,2,3
21,11,2,2
32,3,2,2
39,7,2,1
46,3,2,1
57,1,2,2
62,2,2,3
===== 219 =====
13,15,2,2
23,13,2,2
44,15,2,1
46,4,2,2
47,2,2,1
50,11,2,1
50,12,2,2
57,0,2,7
62,11,2,1
===== 220 =====
0,10,2,3
2,10,2,1
4,4,2,2
12,10,2,1
17,7,2,1
20,6,2,1
32,14,2,2
36,5,2,3
39,4,2,4
40,7,2,2
41,14,2,1
42,3,2,2
43,6,2,2
45,1,2,1
58,11,2,1
===== 221 =====
4,8,2,1
18,9,2,2
30,14,2,1
36,4,2,3
39,7,2,3
42,9,2,2
49,11,2,2
53,13,2,1
55,4,2,3
55,9,2,2
57,1,2,1
58,0,2,1
===== 222 =====
7,1,2,1
9,5,2,3
9,6,2,2
14,4,2,2
24,7,2,2
26,2,2,2
27,5,2,1
27,14,2,3
29,4,2,2
31,12,2,2
36,5,2,2
38,14,2,1
57,11,2,2
63,1,2,3
===== 223 =====
7,0,2,2
11,14,2,4
29,11,2,1
29,12,2,4
30,15,2,2
33,2,2,1
40,9,2,1
48,11,2,1
52,1,2,4
52,4,2,2
57,14,2,2
60,7,2,1
62,14,2,3
===== 224 =====
2,5,2,2
8,2,2,2
8,10,2,1
13,4,2,1
13,9,2,1
14,15,2,2
19,13,2,3
23,2,2,2
23,10,2,2
27,9,2,1
27,14,2,1
36,6,2,2
38,5,2,3
46,1,2,3
53,4,2,1
53,5,2,3
60,3,2,2
===== 225 =====
4,1,2,1
12,3,2,2
21,9,2,2
22,2,2,2
27,10,2,1
29,15,2,1
36,7,2,1
39,3,2,1
43,10,2,1
53,13,2,1
57,15,2,1
61,2,2,1
===== 226 =====
2,0,2,1
8,12,2,1
11,0,2,1
14,7,2,2
17,3,2,3
21,2,2,4
22,0,2,4
33,9,2,3
34,4,2,2
35,3,2,1
35,7,2,2
49,2,2,1
59,14,2,1
===== 227 =====
0,5,2,3
4,5,2,2
5,2,2,1
5,3,2,1
6,12,2,2
9,14,2,3
15,10,2,2
22,9,2,1
23,1,2,2
29,12,2,5
32,3,2,2
32,8,2,2
39,0,2,2
43,2,2,2
44,5,2,2
53,2,2,2
61,12,2,1
63,3,2,1
63,15,2,1
===== 228 =====
1,11,2,1
3,10,2,1
6,0,2,3
11,4,2,4
28,5,2,2
28,12,2,3
35,3,2,2
36,5,2,3
38,10,2,3
44,14,2,1
48,1,2,1
51,15,2,2
55,4,2,2
59,4,2,2
62,14,2,2
===== 229 =====
5,0,2,1
9,15,2,1
12,8,2,1
17,2,2,2
18,3,2,1
21,11,2,1
24,15,2,1
27,14,2,4
28,15,2,1
29,15,2,3
34,14,2,2
42,2,2,2
42,6,2,1
43,10,2,3
48,15,2,3
53,0,2,1
57,1,2,2
62,5,2,1
===== 230 =====
4,9,2,3
7,1,2,1
13,1,2,1
13,3,2,2
16,15,2,3
30,10,2,3
42,2,2,1
46,7,2,1
47,5,2,3
48,15,2,3
49,2,2,2
49,15,2,1
57,11,2,2
57,14,2,2
61,4,2,1
61,5,2,1
===== 231 =====
0,0,2,1
0,1,2,1
7,10,2,3
18,4,2,1
18,10,2,1
20,15,2,4
21,9,2,2
26,10,2,2
26,12,2,2
27,13,2,2
34,9,2,1
38,1,2,2
47,8,2,1
61,11,2,1
===== 232 =====
5,5,2,3
5,15,2,1
16,6,2,1
19,0,2,1
22,7,2,5
26,6,2,2
27,8,2,1
28,0,2,1
46,0,2,1
48,3,2,2
49,0,2,1
49,6,2,2
54,3,2,3
54,4,2,1
58,8,2,2
58,12,2,1
59,12,2,3
61,14,2,3
===== 233 =====
1,9,2,1
5,7,2,1
27,4,2,2
28,1,2,1
39,3,2,3
39,4,2,3
57,11,2,2
===== 234 =====
1,2,2,1
1,3,2,2
23,12,2,2
24,13,2,2
25,10,2,1
26,12,2,2
27,11,2,2
28,14,2,3
29,6,2,1
29,9,2,1
36,3,2,1
36,13,2,2
39,10,2,2
41,10,2,2
43,12,2,2
44,9,2,3
45,10,2,3
50,12,2,2
61,10,2,1
===== 235 =====
0,4,2,3
3,13,2,1
7,8,2,1
25,9,2,3
32,10,2,2
36,7,2,2
46,1,2,5
50,9,2,2
53,1,2,1
53,6,2,4
===== 236 =====
2,6,2,1
2,9,2,2
4,11,2,1
9,1,2,2
12,10,2,1
13,2,2,1
18,10,2,1
20,6,2,2
24,12,2,2
25,1,2,1
27,3,2,1
28,1,2,1
34,10,2,2
42,5,2,1
42,14,2,3
43,13,2,2
48,8,2,3
48,10,2,2
===== 237 =====
1,6,2,1
2,3,2,2
7,11,2,2
8,15,2,1
10,4,2,1
11,2,2,1
15,1,2,2
17,0,2,2
26,7,2,3
40,8,2,2
43,8,2,3
52,0,2,2
53,3,2,1
56,7,2,1
57,7,2,2
59,15,2,1
62,3,2,2
62,11,2,1
===== 238 =====
21,5,2,2
23,11,2,3
25,7,2,1
30,1,2,2
30,14,2,2
32,1,2,2
36,9,2,2
37,2,2,3
42,10,2,1
42,13,2,1
53,5,2,2
60,10,2,1
===== 239 =====
7,8,2,2
11,4,2,1
13,14,2,1
13,15,2,3
20,4,2,2
23,14,2,1
26,4,2,2
29,0,2,1
29,4,2,6
31,10,2,1
32,1,2,1
33,12,2,1
36,0,2,2
36,1,2,2
36,5,2,3
44,14,2,3
46,7,2,2
47,14,2,3
52,8,2,1
53,5,2,2
53,13,2,1
61,5,2,1
===== 240 =====
2,9,2,1
3,3,2,2
4,5,2,1
5,0,2,1
11,6,2,2
13,3,2,2
14,10,2,1
19,8,2,1
21,0,2,1
24,13,2,1
25,3,2,2
26,6,2,2
29,12,2,3
32,10,2,1
35,11,2,1
38,6,2,2
39,3,2,3
48,12,2,1
49,13,2,3
52,10,2,1
54,1,2,1
55,6,2,1
60,9,2,1
63,10,2,1
63,15,2,2
===== 241 =====
3,9,2,1
4,15,2,2
16,11,2,3
17,1,2,1
24,1,2,2
24,9,2,2
26,5,2,4
27,1,2,2
28,3,2,1
39,1,2,1
50,13,2,1
54,13,2,1
59,9,2,2
61,5,2,1
63,4,2,3
63,9,2,2
===== 242 =====
2,7,2,1
5,1,2,1
5,12,2,1
21,1,2,2
23,6,2,1
26,2,2,2
27,5,2,2
30,14,2,2
40,8,2,1
42,4,2,3
47,13,2,1
49,7,2,2
50,11,2,3
50,15,2,2
54,11,2,1
55,0,2,1
57,11,2,2
60,14,2,1
===== 243 =====
5,2,2,1
11,14,2,1
15,15,2,1
16,5,2,1
17,14,2,1
22,6,2,2
22,15,2,2
24,7,2,1
26,4,2,1
29,6,2,3
30,11,2,5
31,0,2,1
34,8,2,1
42,8,2,2
45,1,2,2
50,2,2,2
51,7,2,2
52,5,2,1
56,11,2,1
58,14,2,3
61,10,2,1
62,0,2,1
63,2,2,1
===== 244 =====
1,13,2,3
4,2,2,1
7,0,2,2
7,11,2,1
17,13,2,2
19,15,2,2
24,9,2,1
41,12,2,4
46,5,2,2
50,8,2,1
58,0,2,1
59,11,2,1
===== 245 =====
7,10,2,2
12,4,2,2
14,9,2,3
15,13,2,2
16,13,2,1
20,9,2,2
20,14,2,2
27,13,2,2
31,4,2,1
32,6,2,1
36,8,2,2
37,3,2,4
38,5,2,3
40,13,2,3
44,2,2,2
50,7,2,1
50,13,2,1
54,7,2,3
57,9,2,2
61,13,2,2
===== 246 =====
0,13,2,1
8,2,2,1
11,1,2,2
13,7,2,1
17,2,2,3
18,12,2,2
20,2,2,2
23,5,2,1
25,5,2,4
26,11,2,3
28,7,2,1
34,3,2,3
35,15,2,3
55,14,2,4
58,5,2,2
62,4,2,3
63,4,2,3
===== 247 =====
11,5,2,1
11,12,2,1
15,10,2,2
18,0,2,1
18,10,2,1
24,15,2,1
27,2,2,2
35,1,2,2
36,9,2,1
40,2,2,1
43,7,2,2
50,6,2,1
===== 248 =====
4,14,2,1
6,2,2,2
6,7,2,2
12,15,2,1
27,10,2,2
31,10,2,2
31,11,2,3
33,12,2,2
46,12,2,3
47,10,2,2
48,11,2,1
49,13,2,3
59,3,2,1
61,4,2,1
===== 249 =====
4,12,2,2
10,11,2,3
11,2,2,1
27,10,2,1
36,11,2,1
40,13,2,2
41,3,2,2
58,11,2,1
58,12,2,1
59,6,2,2
63,13,2,2
===== 250 =====
2,15,2,1
5,11,2,1
20,1,2,1
21,7,2,2
22,10,2,2
32,10,2,1
32,14,2,2
35,15,2,3
37,2,2,3
37,10,2,3
39,3,2,3
44,5,2,1
47,4,2,2
55,15,2,1
60,0,2,2
60,14,2,1
===== 251 =====
20,0,2,2
22,5,2,2
24,1,2,3
24,11,2,1
27,2,2,2
28,2,2,2
28,5,2,2
29,2,2,2
33,3,2,1
38,6,2,1
40,6,2,1
43,15,2,2
46,11,2,2
47,3,2,1
51,14,2,1
56,9,2,2
58,7,2,1
59,6,2,1
61,14,2,1
===== 252 =====
2,3,2,1
8,0,2,1
9,3,2,1
14,7,2,1
25,7,2,1
31,4,2,2
31,11,2,1
34,11,2,1
34,15,2,1
39,8,2,1
40,12,2,2
46,6,2,4
53,4,2,3
60,7,2,1
60,14,2,2
60,15,2,3
===== 253 =====
1,15,2,2
2,4,2,1
2,15,2,1
6,2,2,2
6,8,2,2
7,9,2,1
7,15,2,1
9,7,2,2
10,3,2,1
12,12,2,1
17,1,2,1
17,15,2,3
21,8,2,2
22,9,2,1
28,11,2,1
33,2,2,1
34,0,2,1
38,2,2,3
39,2,2,1
42,9,2,2
43,1,2,2
44,8,2,2
44,13,2,1
48,7,2,1
51,11,2,2
59,1,2,3
61,10,2,2
63,0,2,1
===== 254 =====
2,0,2,2
4,9,2,2
12,1,2,2
22,6,2,3
25,10,2,1
46,13,2,2
48,0,2,2
52,14,2,3
54,13,2,2
55,10,2,1
===== 255 =====
9,11,2,2
10,9,2,1
11,4,2,1
13,4,2,2
13,10,2,1
20,4,2,1
20,13,2,1
23,2,2,2
25,8,2,1
25,13,2,1
26,9,2,2
27,6,2,2
29,8,2,1
29,14,2,1
33,4,2,1
34,15,2,2
47,7,2,2
50,4,2,1
54,14,2,1
55,0,2,2
===== 256 =====
0,10,2,2
6,12,2,1
9,2,2,3
19,2,2,1
20,1,2,2
26,12,2,1
32,12,2,1
34,3,2,3
36,9,2,2
43,6,2,1
52,2,2,1
52,12,2,1
57,15,2,3
59,15,2,2
62,3,2,1
62,5,2,1
===== 257 =====
0,11,2,2
4,8,2,1
9,10,2,1
12,7,2,2
12,12,2,1
16,10,2,2
29,11,2,1
29,15,2,2
58,5,2,1
58,8,2,2
60,3,2,2
62,15,2,2
===== 258 =====
1,15,2,3
5,4,2,3
6,1,2,1
13,8,2,2
16,11,2,2
17,13,2,2
21,4,2,1
25,15,2,1
27,8,2,1
31,6,2,2
35,5,2,1
35,8,2,3
37,0,2,1
43,15,2,2
55,14,2,2
57,4,2,2
59,10,2,2
===== 259 =====
0,15,2,2
8,10,2,2
9,4,2,1
10,3,2,1
11,0,2,1
14,11,2,2
19,5,2,1
20,8,2,1
22,1,2,5
24,7,2,2
24,9,2,1
35,2,2,1
39,4,2,5
43,12,2,1
51,10,2,1
53,10,2,2
58,7,2,1
===== 260 =====
1,6,2,1
8,5,2,1
9,15,2,1
17,8,2,1
17,12,2,1
22,8,2,3
22,11,2,2
25,14,2,1
26,14,2,3
27,6,2,3
28,5,2,1
28,9,2,2
35,13,2,2
35,15,2,3
36,10,2,1
39,11,2,1
39,14,2,2
44,4,2,2
51,7,2,2
55,14,2,1
56,14,2,1
58,1,2,1
60,7,2,1
61,5,2,1
62,6,2,2
===== 261 =====
0,7,2,1
2,4,2,1
10,13,2,2
11,1,2,1
12,0,2,2
17,6,2,3
20,14,2,1
22,10,2,1
27,11,2,2
28,4,2,2
29,12,2,4
30,0,2,1
30,9,2,2
31,5,2,2
31,12,2,3
36,13,2,2
37,1,2,2
42,10,2,2
49,6,2,4
53,4,2,2
53,11,2,2
53,13,2,1
55,1,2,3
61,0,2,2
===== 262 =====
5,2,2,1
6,2,2,4
9,3,2,3
21,12,2,4
30,11,2,3
36,5,2,2
44,4,2,3
48,5,2,3
54,15,2,1
56,3,2,1
56,11,2,2
56,12,2,1
58,1,2,1
60,7,2,1
===== 263 =====
1,6,2,2
3,4,2,1
4,4,2,2
4,15,2,1
5,9,2,1
8,5,2,1
10,3,2,1
11,1,2,1
11,6,2,1
12,7,2,2
16,7,2,2
20,5,2,1
21,4,2,4
26,7,2,2
27,9,2,1
35,12,2,1
47,7,2,2
48,13,2,2
54,12,2,1
58,8,2,2
===== 264 =====
3,1,2,1
4,0,2,1
5,13,2,1
20,2,2,2
22,12,2,1
26,7,2,2
35,15,2,3
36,6,2,1
36,9,2,1
42,13,2,2
50,8,2,1
59,13,2,1
61,6,2,2
===== 265 =====
1,0,2,1
1,11,2,1
2,2,2,2
7,11,2,2
22,14,2,5
23,12,2,1
24,1,2,2
26,1,2,2
27,6,2,3
28,1,2,2
28,4,2,3
30,9,2,2
31,5,2,3
33,6,2,3
39,4,2,3
43,11,2,1
45,5,2,3
45,11,2,1
51,6,2,2
54,8,2,2
56,11,2,1
57,2,2,2
===== 266 =====
0,4,2,1
1,0,2,1
1,2,2,1
1,6,2,1
3,5,2,1
9,5,2,3
17,3,2,2
18,14,2,1
20,5,2,2
28,5,2,2
30,12,2,3
35,10,2,3
39,5,2,2
42,11,2,2
44,5,2,1
44,14,2,1
47,7,2,1
53,2,2,1
55,3,2,2
61,9,2,1
===== 267 =====
3,11,2,1
7,1,2,1
7,8,2,1
11,8,2,1
13,14,2,2
14,7,2,2
19,2,2,2
20,5,2,3
31,10,2,1
37,6,2,2
39,15,2,3
43,6,2,2
43,9,2,1
51,3,2,1
52,3,2,1
53,1,2,2
60,15,2,1
===== 268 =====
0,4,2,1
3,3,2,1
3,8,2,1
5,2,2,1
9,10,2,2
9,11,2,3
11,1,2,1
15,15,2,1
16,15,2,3
17,10,2,1
22,8,2,3
22,12,2,1
23,5,2,2
31,5,2,2
35,6,2,5
52,8,2,3
57,11,2,1
58,4,2,1
63,11,2,2
===== 269 =====
1,5,2,1
6,12,2,1
7,15,2,2
11,12,2,1
19,9,2,1
22,5,2,3
25,0,2,1
28,12,2,3
30,11,2,2
32,4,2,3
36,11,2,1
39,1,2,1
48,3,2,1
49,10,2,2
59,0,2,1
===== 270 =====
4,13,2,1
6,15,2,1
8,12,2,1
10,1,2,3
13,15,2,3
15,5,2,2
15,12,2,2
21,3,2,1
21,4,2,3
27,12,2,2
36,10,2,3
38,3,2,3
46,14,2,2
51,8,2,2
53,7,2,2
59,7,2,3
62,6,2,2
===== 271 =====
0,15,2,1
4,2,2,1
8,4,2,1
15,2,2,1
16,0,2,2
24,13,2,2
26,10,2,1
27,14,2,6
32,0,2,1
32,4,2,1
36,12,2,4
37,13,2,6
39,15,2,2
50,10,2,2
53,3,2,1
59,6,2,2
59,15,2,3
60,12,2,1
===== 272 =====
3,13,2,2
4,5,2,2
5,10,2,1
11,11,2,2
14,7,2,1
20,4,2,2
24,15,2,2
26,8,2,2
26,13,2,2
32,0,2,1
42,14,2,1
46,8,2,6
48,3,2,2
50,4,2,2
===== 273 =====
4,14,2,2
7,14,2,2
19,5,2,1
30,9,2,1
32,8,2,3
33,12,2,1
34,6,2,3
35,12,2,3
35,14,2,2
38,5,2,2
40,7,2,1
45,8,2,1
53,2,2,2
57,7,2,2
59,10,2,1
===== 274 =====
6,8,2,4
13,6,2,1
15,14,2,1
18,14,2,2
19,1,2,2
21,2,2,1
25,2,2,2
29,0,2,3
39,15,2,2
46,8,2,2
46,14,2,2
48,2,2,5
49,2,2,1
53,8,2,2
55,10,2,2
55,12,2,1
59,0,2,1
60,7,2,1
===== 275 =====
3,13,2,1
6,3,2,1
16,0,2,1
16,7,2,2
23,4,2,1
33,8,2,2
36,11,2,2
37,12,2,1
38,3,2,4
41,5,2,4
43,0,2,2
43,12,2,2
46,0,2,2
48,13,2,2
50,3,2,1
51,9,2,1
57,8,2,2
===== 276 =====
4,15,2,1
13,11,2,1
14,8,2,1
16,7,2,1
29,2,2,1
38,3,2,2
39,2,2,1
40,3,2,2
40,7,2,1
42,12,2,1
49,14,2,2
50,10,2,2
51,4,2,1
53,8,2,2
54,1,2,1
54,12,2,2
58,11,2,1
60,6,2,3
61,8,2,2
===== 277 =====
7,0,2,4
10,0,2,2
12,10,2,1
15,1,2,4
15,5,2,2
15,13,2,1
17,1,2,1
29,14,2,2
31,12,2,2
46,8,2,1
48,1,2,3
51,5,2,1
59,5,2,1
59,12,2,2
60,12,2,4
62,12,2,2
63,5,2,2
===== 278 =====
1,3,2,1
4,0,2,1
4,14,2,1
12,9,2,1
13,5,2,1
17,8,2,1
20,15,2,3
24,14,2,1
25,7,2,2
27,13,2,3
28,12,2,4
34,6,2,2
37,3,2,1
38,9,2,3
50,11,2,2
53,13,2,2
===== 279 =====
1,2,2,2
6,6,2,2
6,8,2,3
7,9,2,1
10,13,2,1
13,4,2,3
22,8,2,2
23,6,2,1
24,7,2,2
27,3,2,3
27,4,2,4
27,12,2,1
38,11,2,2
44,11,2,1
50,7,2,3
52,6,2,1
56,15,2,2
60,11,2,2
63,4,2,3
63,10,2,1
===== 280 =====
7,5,2,1
9,12,2,1
10,10,2,1
10,13,2,1
25,7,2,1
35,14,2,2
42,15,2,2
43,11,2,1
44,6,2,2
48,2,2,3
48,7,2,1
53,12,2,2
55,11,2,1
61,6,2,2
62,15,2,1
===== 281 =====
1,12,2,1
14,3,2,1
14,6,2,3
16,4,2,3
23,10,2,2
25,8,2,1
31,14,2,2
31,15,2,3
33,2,2,1
33,5,2,1
46,12,2,2
47,1,2,1
52,12,2,1
54,0,2,1
54,6,2,1
===== 282 =====
4,13,2,2
9,0,2,1
11,8,2,1
15,7,2,1
18,7,2,1
21,12,2,9
32,5,2,2
32,15,2,2
37,0,2,4
37,1,2,1
41,1,2,2
45,7,2,1
51,6,2,1
51,9,2,1
51,12,2,1
===== 283 =====
0,12,2,1
0,14,2,3
1,14,2,1
10,11,2,1
15,7,2,2
17,12,2,1
18,3,2,1
20,4,2,2
24,9,2,1
27,11,2,3
29,12,2,5
36,11,2,1
37,5,2,1
37,8,2,3
38,7,2,3
41,9,2,1
45,5,2,2
46,7,2,1
52,4,2,2
57,11,2,1
59,4,2,1
61,10,2,2
63,8,2,2
===== 284 =====
2,11,2,1
8,3,2,1
9,2,2,2
11,13,2,1
12,11,2,1
13,10,2,2
14,11,2,2
15,8,2,2
28,1,2,2
28,8,2,2
29,3,2,2
31,9,2,2
37,1,2,2
39,9,2,1
40,1,2,1
41,0,2,5
42,5,2,1
48,9,2,2
48,14,2,1
50,14,2,7
52,3,2,2
59,2,2,1
63,5,2,1
===== 285 =====
0,3,2,3
0,5,2,1
2,8,2,1
9,13,2,1
10,11,2,1
17,4,2,1
25,2,2,4
29,13,2,4
29,14,2,2
38,14,2,2
45,8,2,1
47,11,2,2
===== 286 =====
6,7,2,1
10,11,2,1
18,13,2,3
23,4,2,2
23,11,2,2
23,12,2,3
27,4,2,3
29,14,2,1
30,4,2,4
30,7,2,3
34,14,2,1
42,9,2,2
49,12,2,2
50,6,2,1
60,2,2,1
61,1,2,2
61,8,2,1
===== 287 =====
8,10,2,2
16,3,2,1
18,11,2,2
26,7,2,3
29,7,2,1
30,7,2,2
34,10,2,1
37,2,2,3
43,1,2,2
45,15,2,3
48,14,2,2
51,0,2,2
52,13,2,1
54,14,2,4
59,0,2,2
59,7,2,2
62,14,2,2
===== 288 =====
8,9,2,1
12,5,2,3
12,12,2,1
17,1,2,1
21,2,2,2
21,12,2,3
23,15,2,1
25,4,2,6
26,4,2,2
40,2,2,3
40,8,2,4
45,4,2,3
45,11,2,3
49,1,2,1
57,6,2,3
57,12,2,1
===== 289 =====
1,13,2,1
4,10,2,2
6,4,2,1
8,4,2,2
8,5,2,3
8,11,2,1
10,12,2,1
12,10,2,1
15,11,2,1
19,0,2,3
22,11,2,1
22,13,2,2
26,13,2,2
29,8,2,2
30,10,2,2
39,1,2,1
43,14,2,2
44,11,2,3
46,3,2,2
47,6,2,1
47,11,2,1
48,11,2,1
52,0,2,1
58,2,2,1
59,13,2,1
===== 290 =====
0,3,2,2
2,15,2,1
3,11,2,1
10,10,2,2
12,3,2,1
13,3,2,2
19,5,2,1
24,8,2,3
29,3,2,2
30,13,2,2
30,15,2,3
31,8,2,2
34,13,2,2
42,4,2,2
43,7,2,1
43,8,2,4
43,11,2,2
45,0,2,1
58,3,2,1
63,14,2,1
===== 291 =====
8,2,2,1
8,12,2,1
10,1,2,3
12,8,2,1
13,9,2,1
13,14,2,1
21,9,2,3
24,1,2,1
29,6,2,1
29,11,2,2
43,12,2,2
44,15,2,2
55,12,2,1
===== 292 =====
10,14,2,1
12,15,2,1
18,6,2,3
20,10,2,1
25,12,2,3
25,15,2,1
30,8,2,2
32,1,2,1
36,2,2,1
37,8,2,3
37,13,2,3
43,5,2,2
45,0,2,2
49,6,2,1
50,2,2,2
===== 293 =====
7,5,2,2
18,0,2,1
20,2,2,1
30,4,2,4
31,2,2,2
32,7,2,3
39,2,2,1
41,6,2,2
52,1,2,3
53,10,2,1
60,10,2,2
63,3,2,1
63,8,2,1
===== 294 =====
2,4,2,1
5,0,2,1
14,2,2,1
17,9,2,2
27,1,2,1
33,0,2,1
33,14,2,1
43,0,2,3
44,0,2,1
53,14,2,3
===== 295 =====
0,14,2,4
9,9,2,1
9,13,2,2
21,8,2,1
22,10,2,2
22,12,2,2
23,12,2,2
25,11,2,3
28,13,2,1
29,15,2,1
31,13,2,3
33,3,2,2
34,5,2,2
36,15,2,2
37,2,2,2
48,5,2,1
49,9,2,3
55,8,2,3
63,1,2,2
===== 296 =====
6,7,2,1
24,8,2,2
28,5,2,1
32,2,2,2
39,2,2,1
42,2,2,3
49,0,2,1
===== 297 =====
4,3,2,2
5,14,2,1
12,11,2,3
16,9,2,1
18,4,2,4
20,0,2,2
21,12,2,4
24,0,2,2
25,5,2,3
29,10,2,3
30,2,2,3
39,1,2,1
41,12,2,2
43,2,2,1
45,9,2,1
50,12,2,1
54,2,2,2
55,2,2,2
59,14,2,2
===== 298 =====
6,3,2,4
9,10,2,2
13,15,2,1
29,2,2,2
30,9,2,1
32,13,2,3
33,11,2,3
38,15,2,1
40,10,2,1
58,2,2,1
60,14,2,2
61,3,2,1
62,9,2,1
===== 299 =====
12,3,2,1
14,3,2,1
15,0,2,1
17,7,2,1
21,6,2,2
21,10,2,4
21,11,2,1
23,9,2,2
25,0,2,2
28,12,2,4
32,2,2,2
32,6,2,3
33,5,2,2
36,10,2,3
41,11,2,3
43,4,2,2
43,14,2,2
44,0,2,1
45,10,2,2
47,0,2,2
47,13,2,1
48,3,2,3
48,13,2,2
54,0,2,1
55,3,2,2
56,12,2,2
59,2,2,1
62,6,2,2
===== 300 =====
3,7,2,1
8,8,2,3
10,12,2,1
12,11,2,3
19,1,2,1
23,5,2,3
28,12,2,3
32,7,2,1
36,1,2,2
38,13,2,2
43,3,2,3
45,4,2,3
48,14,2,1
49,14,2,1
52,2,2,1
53,7,2,2
59,10,2,4
61,14,2,2
62,4,2,1
===== 301 =====
11,3,2,2
18,5,2,3
21,11,2,1
23,15,2,1
28,11,2,1
34,3,2,4
35,14,2,3
38,12,2,2
39,14,2,2
41,12,2,1
46,0,2,2
48,5,2,1
53,5,2,1
55,6,2,2
55,7,2,1
55,10,2,1
60,0,2,2
62,11,2,1
===== 302 =====
0,10,2,3
10,12,2,1
11,11,2,3
16,14,2,1
18,5,2,2
21,14,2,2
29,1,2,1
29,12,2,1
31,4,2,3
34,1,2,1
34,5,2,5
34,11,2,2
46,13,2,1
52,1,2,2
52,13,2,2
54,4,2,1
62,1,2,1
===== 303 =====
1,11,2,1
1,12,2,2
3,15,2,2
4,10,2,1
21,12,2,6
23,3,2,2
23,14,2,1
25,11,2,2
28,8,2,3
33,1,2,1
42,8,2,3
43,1,2,1
45,6,2,1
47,0,2,1
56,9,2,2
63,11,2,1
===== 304 =====
0,7,2,2
2,2,2,1
4,2,2,1
4,12,2,2
7,8,2,2
8,10,2,1
8,12,2,1
12,6,2,1
15,7,2,1
18,15,2,3
27,1,2,1
28,13,2,1
35,8,2,2
38,15,2,2
41,9,2,2
54,15,2,3
59,11,2,1
61,10,2,2
===== 305 =====
7,7,2,1
16,5,2,4
18,8,2,1
19,0,2,1
23,6,2,1
28,1,2,1
30,2,2,2
31,0,2,3
33,11,2,1
33,13,2,1
34,0,2,3
34,14,2,1
35,4,2,2
39,11,2,2
43,5,2,2
45,4,2,1
47,10,2,2
49,9,2,1
52,8,2,4
54,6,2,2
56,0,2,2
56,1,2,3
56,15,2,1
59,1,2,1
59,2,2,1
61,6,2,2
62,6,2,3
63,5,2,1
===== 306 =====
0,2,2,1
0,14,2,3
1,15,2,2
2,6,2,3
3,1,2,2
11,4,2,2
15,7,2,3
20,4,2,2
21,2,2,2
26,2,2,1
31,11,2,1
32,13,2,2
35,8,2,1
46,10,2,2
51,3,2,2
53,0,2,2
56,12,2,2
57,3,2,3
===== 307 =====
3,9,2,2
5,1,2,1
10,1,2,1
17,13,2,3
21,9,2,2
22,8,2,1
30,4,2,1
31,7,2,1
31,15,2,1
37,15,2,1
49,1,2,2
49,7,2,1
50,14,2,3
51,7,2,1
52,5,2,1
55,12,2,1
57,14,2,2
60,14,2,1
===== 308 =====
6,3,2,1
9,0,2,1
10,10,2,1
12,9,2,2
19,6,2,3
20,14,2,1
23,3,2,1
42,1,2,4
46,15,2,3
48,5,2,1
55,7,2,1
56,4,2,1
56,6,2,2
56,7,2,2
62,10,2,2
===== 309 =====
2,14,2,1
8,0,2,1
8,12,2,1
17,8,2,1
18,6,2,3
18,7,2,2
18,13,2,1
20,7,2,2
23,12,2,3
27,8,2,1
31,0,2,1
33,8,2,1
33,10,2,2
34,4,2,2
35,1,2,1
36,4,2,2
36,11,2,4
36,13,2,2
39,5,2,2
42,0,2,2
48,4,2,1
50,2,2,2
50,7,2,2
50,14,2,2
52,10,2,5
54,9,2,2
63,10,2,1
===== 310 =====
15,0,2,1
15,4,2,1
23,6,2,1
26,6,2,2
32,2,2,2
34,12,2,2
42,14,2,1
46,0,2,1
51,13,2,1
55,9,2,3
56,0,2,1
56,8,2,1
57,12,2,1
57,15,2,2
===== 311 =====
1,14,2,1
4,9,2,2
5,2,2,2
10,8,2,1
14,6,2,2
15,0,2,2
16,10,2,3
18,10,2,1
21,9,2,2
21,11,2,2
33,10,2,1
35,0,2,2
35,4,2,2
36,0,2,1
37,6,2,3
40,1,2,1
46,10,2,1
52,5,2,1
56,3,2,3
58,0,2,1
62,6,2,1
===== 312 =====
0,11,2,4
3,8,2,2
5,9,2,3
8,10,2,1
17,5,2,1
17,6,2,3
21,2,2,2
24,13,2,2
26,8,2,2
31,11,2,2
33,5,2,1
35,14,2,2
37,1,2,1
38,10,2,3
43,8,2,3
44,7,2,2
45,2,2,1
50,3,2,3
50,6,2,1
56,0,2,2
56,2,2,1
59,14,2,2
62,5,2,1
===== 313 =====
4,2,2,1
13,0,2,1
15,5,2,3
20,12,2,3
21,4,2,3
23,0,2,2
24,10,2,3
26,1,2,3
27,15,2,4
28,2,2,1
31,11,2,4
32,0,2,2
33,8,2,3
34,2,2,3
42,5,2,1
43,12,2,2
44,10,2,1
44,14,2,2
45,8,2,1
53,1,2,2
54,0,2,2
55,5,2,3
56,10,2,1
56,11,2,1
===== 314 =====
1,7,2,1
1,9,2,1
4,4,2,4
4,7,2,1
5,9,2,1
8,10,2,2
10,9,2,2
10,12,2,1
14,3,2,1
23,3,2,2
24,1,2,3
37,11,2,2
38,15,2,2
39,4,2,4
39,13,2,2
40,8,2,1
43,6,2,2
50,12,2,1
60,10,2,1
62,12,2,2
63,7,2,2
===== 315 =====
2,3,2,2
4,13,2,1
5,10,2,1
11,0,2,3
13,2,2,3
14,2,2,1
18,7,2,2
20,11,2,2
22,3,2,1
25,6,2,1
26,4,2,1
32,12,2,1
33,4,2,2
34,1,2,2
34,12,2,3
36,1,2,1
36,11,2,2
36,12,2,2
39,0,2,2
41,1,2,2
44,10,2,2
45,9,2,3
47,15,2,1
48,7,2,2
52,2,2,2
62,1,2,1
===== 316 =====
0,1,2,1
8,13,2,1
13,14,2,2
14,12,2,2
16,11,2,2
18,4,2,3
23,14,2,1
24,4,2,3
25,3,2,1
26,3,2,2
28,12,2,2
32,8,2,2
33,12,2,1
41,7,2,5
42,15,2,4
44,12,2,2
45,8,2,1
46,10,2,2
47,14,2,2
49,6,2,3
52,15,2,1
55,1,2,2
57,2,2,3
59,2,2,2
62,3,2,2
===== 317 =====
10,14,2,1
12,5,2,2
17,11,2,1
21,7,2,2
23,11,2,1
26,1,2,1
26,9,2,1
27,8,2,1
28,5,2,1
32,7,2,2
33,14,2,1
36,2,2,1
43,7,2,3
43,15,2,2
47,12,2,3
54,1,2,1
54,13,2,1
58,4,2,2
59,0,2,1
60,6,2,2
===== 318 =====
4,10,2,1
7,13,2,1
8,3,2,1
11,1,2,1
12,15,2,1
16,10,2,6
19,11,2,1
20,3,2,2
22,12,2,1
41,5,2,4
44,1,2,2
49,5,2,2
54,13,2,1
57,7,2,2
59,14,2,1
===== 319 =====
3,2,2,1
7,12,2,1
15,1,2,2
17,4,2,1
18,1,2,2
20,8,2,2
20,9,2,2
23,3,2,2
28,0,2,1
28,2,2,1
33,2,2,2
34,0,2,2
36,4,2,3
44,13,2,1
52,12,2,2
54,12,2,1
60,14,2,1
===== 320 =====
0,12,2,1
1,6,2,1
3,0,2,3
4,1,2,2
11,0,2,1
12,4,2,2
12,7,2,1
14,12,2,1
25,1,2,1
26,5,2,1
34,2,2,2
40,11,2,3
43,1,2,1
48,3,2,1
52,11,2,1
54,6,2,1
59,13,2,1
60,2,2,2
60,10,2,1
===== 321 =====
2,7,2,1
3,5,2,3
6,12,2,1
7,0,2,2
13,3,2,2
14,1,2,5
18,3,2,2
18,7,2,2
23,5,2,2
30,5,2,2
31,8,2,2
38,4,2,1
46,15,2,3
50,1,2,1
53,0,2,1
55,9,2,3
61,3,2,2
63,5,2,1
===== 322 =====
8,13,2,2
10,6,2,3
11,6,2,2
11,12,2,1
12,1,2,2
14,6,2,3
16,14,2,2
20,8,2,1
23,5,2,1
28,8,2,3
42,5,2,2
45,14,2,1
46,1,2,4
48,5,2,1
52,3,2,2
54,8,2,1
56,3,2,4
58,12,2,2
60,1,2,2
62,0,2,3
===== 323 =====
9,10,2,2
11,14,2,2
17,11,2,1
22,12,2,3
23,1,2,4
23,7,2,2
25,4,2,2
31,8,2,3
34,12,2,3
42,5,2,2
42,10,2,1
43,1,2,2
47,7,2,1
52,12,2,2
===== 324 =====
2,4,2,1
11,5,2,1
15,4,2,1
17,15,2,3
20,2,2,1
25,2,2,2
33,1,2,2
35,1,2,2
41,0,2,1
50,10,2,1
51,6,2,1
55,13,2,1
56,15,2,1
60,11,2,2
===== 325 =====
2,5,2,1
12,6,2,1
12,9,2,1
14,6,2,3
25,15,2,1
28,5,2,2
30,7,2,2
34,2,2,2
36,2,2,1
43,3,2,3
57,7,2,1
60,1,2,2
60,11,2,2
61,10,2,1
62,11,2,3
63,11,2,1
===== 326 =====
1,8,2,2
12,10,2,1
13,1,2,2
13,4,2,3
18,15,2,2
19,11,2,1
24,8,2,3
24,12,2,4
25,1,2,2
27,5,2,1
27,7,2,2
31,0,2,2
31,8,2,2
36,15,2,3
39,5,2,1
41,14,2,2
45,5,2,3
52,9,2,2
55,12,2,1
60,6,2,1
===== 327 =====
3,7,2,2
5,12,2,1
6,6,2,1
11,10,2,1
16,9,2,1
17,0,2,1
25,3,2,1
25,8,2,1
28,5,2,1
33,1,2,3
33,8,2,1
34,11,2,2
41,10,2,1
58,0,2,1
59,0,2,2
61,10,2,1
===== 328 =====
5,11,2,1
11,0,2,2
15,7,2,1
23,8,2,1
27,5,2,2
36,7,2,1
38,12,2,1
39,1,2,1
51,1,2,1
54,3,2,1
55,15,2,1
61,5,2,1
62,3,2,2
63,7,2,2
===== 329 =====
3,5,2,2
8,9,2,2
13,1,2,2
14,4,2,2
15,1,2,1
21,14,2,1
25,9,2,2
30,1,2,2
30,4,2,4
30,7,2,2
31,12,2,1
31,15,2,2
32,13,2,2
32,15,2,1
39,6,2,3
42,0,2,3
44,9,2,1
45,0,2,1
47,10,2,2
59,4,2,1
60,5,2,1
===== 330 =====
6,8,2,1
9,5,2,2
12,3,2,3
12,15,2,3
13,12,2,3
19,0,2,1
19,11,2,1
19,13,2,2
21,1,2,2
23,10,2,1
25,0,2,1
32,10,2,1
34,1,2,1
36,9,2,1
38,13,2,2
39,14,2,2
40,4,2,3
40,11,2,1
49,13,2,2
50,11,2,2
53,11,2,2
58,7,2,1
63,1,2,1
===== 331 =====
4,3,2,1
15,5,2,2
15,14,2,1
16,10,2,3
17,5,2,2
21,0,2,2
21,15,2,1
29,11,2,2
32,14,2,1
33,14,2,2
34,13,2,1
39,0,2,2
41,2,2,1
42,5,2,2
44,15,2,2
50,8,2,3
54,9,2,3
59,15,2,1
62,11,2,2
===== 332 =====
1,10,2,1
9,2,2,2
18,0,2,1
26,0,2,2
31,5,2,1
31,14,2,3
31,15,2,2
32,1,2,1
32,5,2,1
32,15,2,1
34,8,2,3
35,4,2,3
37,8,2,4
41,1,2,2
47,0,2,1
47,3,2,1
49,8,2,1
49,10,2,1
50,8,2,1
55,13,2,2
57,5,2,2
59,15,2,1
===== 333 =====
0,9,2,2
1,13,2,1
1,14,2,1
16,1,2,1
16,14,2,1
23,0,2,2
24,12,2,1
26,3,2,2
27,13,2,2
30,12,2,2
30,15,2,1
31,2,2,1
31,7,2,1
34,2,2,2
36,5,2,3
39,12,2,3
42,6,2,1
44,8,2,2
49,15,2,1
51,4,2,1
55,12,2,1
59,1,2,2
===== 334 =====
6,6,2,2
15,9,2,1
15,15,2,1
16,1,2,2
16,10,2,4
16,14,2,2
22,15,2,2
23,8,2,1
25,3,2,2
34,2,2,2
39,15,2,2
40,9,2,2
41,6,2,3
45,15,2,2
48,11,2,1
51,8,2,2
57,13,2,1
59,0,2,1
62,6,2,1
===== 335 =====
10,12,2,2
14,1,2,1
20,7,2,1
30,13,2,1
33,5,2,1
34,9,2,1
35,9,2,1
44,9,2,3
47,6,2,2
53,6,2,2
55,14,2,2
57,1,2,1
62,12,2,3
===== 336 =====
9,12,2,2
10,1,2,2
11,11,2,2
19,2,2,1
27,5,2,2
39,11,2,1
42,11,2,2
47,5,2,2
47,8,2,2
49,3,2,1
50,14,2,2
51,3,2,3
54,7,2,1
59,4,2,1
===== 337 =====
0,3,2,1
7,8,2,1
10,15,2,3
22,1,2,2
26,1,2,1
26,8,2,2
28,11,2,2
29,8,2,1
34,11,2,1
36,6,2,1
39,0,2,2
44,15,2,1
49,5,2,2
56,5,2,3
56,9,2,2
63,0,2,1
===== 338 =====
1,1,2,1
7,8,2,1
13,6,2,1
15,0,2,1
16,7,2,3
17,1,2,2
24,6,2,1
28,2,2,2
31,5,2,2
34,13,2,2
35,9,2,2
36,12,2,2
36,13,2,2
37,7,2,1
41,12,2,1
42,15,2,1
43,2,2,2
45,5,2,1
49,8,2,1
49,15,2,1
50,8,2,2
52,12,2,2
53,14,2,2
59,12,2,1
===== 339 =====
1,3,2,1
3,9,2,1
5,1,2,2
7,5,2,1
7,10,2,2
9,15,2,1
10,6,2,2
10,13,2,1
14,8,2,1
17,10,2,1
24,9,2,1
25,9,2,2
30,7,2,1
33,12,2,1
41,11,2,3
42,12,2,3
47,3,2,2
51,2,2,2
53,9,2,2
56,2,2,2
56,13,2,2
60,15,2,1
61,10,2,2
===== 340 =====
1,8,2,2
11,3,2,2
11,10,2,1
14,13,2,1
19,5,2,2
22,15,2,1
25,8,2,2
39,14,2,3
41,13,2,1
43,1,2,1
47,2,2,2
57,12,2,1
59,1,2,1
59,12,2,2
===== 341 =====
1,4,2,2
2,10,2,1
2,11,2,2
13,4,2,1
15,3,2,3
17,0,2,1
21,2,2,2
26,13,2,2
30,3,2,2
30,5,2,1
40,0,2,1
41,4,2,1
44,2,2,1
48,11,2,1
54,4,2,1
60,1,2,1
61,6,2,1
===== 342 =====
10,9,2,1
13,2,2,1
15,3,2,1
16,8,2,1
18,2,2,1
21,15,2,1
23,7,2,3
28,12,2,2
36,8,2,3
46,14,2,2
49,11,2,1
52,15,2,2
53,10,2,1
54,4,2,1
54,6,2,3
55,15,2,3
56,12,2,2
62,1,2,1
===== 343 =====
0,1,2,1
2,12,2,1
3,15,2,1
10,15,2,1
16,2,2,1
18,12,2,1
22,3,2,2
25,12,2,3
29,6,2,1
30,12,2,3
33,10,2,2
35,8,2,1
36,5,2,3
37,5,2,1
39,14,2,3
47,8,2,2
53,8,2,1
53,9,2,1
55,0,2,1
58,5,2,1
58,6,2,1
61,1,2,2
61,9,2,2
61,11,2,1
63,12,2,1
===== 344 =====
1,9,2,2
4,14,2,3
24,11,2,4
28,3,2,1
28,14,2,1
31,7,2,3
31,14,2,1
33,10,2,2
35,15,2,1
36,2,2,2
38,6,2,2
42,7,2,1
44,0,2,3
50,10,2,3
53,15,2,1
54,9,2,2
56,9,2,2
57,7,2,2
58,0,2,1
58,13,2,1
60,11,2,1
===== 345 =====
0,6,2,1
5,1,2,1
9,5,2,1
10,0,2,1
10,5,2,1
11,8,2,1
12,15,2,1
15,3,2,2
18,11,2,2
19,0,2,1
25,13,2,2
26,14,2,1
29,2,2,2
34,0,2,2
45,4,2,2
48,0,2,2
53,15,2,1
58,3,2,1
===== 346 =====
1,13,2,1
5,2,2,1
9,8,2,3
13,4,2,1
14,14,2,1
16,8,2,1
20,13,2,3
22,5,2,2
23,0,2,2
25,1,2,1
32,4,2,2
34,8,2,2
40,15,2,2
43,1,2,2
43,14,2,2
43,15,2,2
55,12,2,1
61,2,2,1
===== 347 =====
6,1,2,1
7,13,2,1
8,2,2,1
12,12,2,1
14,7,2,1
14,13,2,1
18,14,2,1
19,0,2,1
19,7,2,1
27,7,2,3
35,12,2,5
37,10,2,1
38,9,2,3
40,14,2,2
42,0,2,1
44,4,2,1
55,2,2,3
56,1,2,1
===== 348 =====
0,5,2,2
0,13,2,1
2,9,2,1
3,3,2,1
4,3,2,1
8,9,2,1
14,8,2,3
15,7,2,2
29,4,2,3
30,13,2,2
32,7,2,2
32,9,2,3
33,6,2,4
34,6,2,2
41,10,2,2
48,10,2,1
49,9,2,2
50,12,2,1
51,8,2,3
53,12,2,1
59,2,2,2
63,1,2,1
===== 349 =====
0,0,2,2
5,12,2,1
7,7,2,1
10,6,2,3
11,9,2,3
13,0,2,1
13,14,2,3
20,14,2,1
26,9,2,2
33,2,2,1
40,13,2,3
52,6,2,1
60,10,2,2
60,12,2,2
===== 350 =====
2,13,2,2
6,7,2,1
9,11,2,2
11,0,2,1
16,9,2,3
21,2,2,1
28,13,2,1
30,12,2,3
36,9,2,1
36,11,2,1
39,7,2,2
43,13,2,4
55,5,2,1
60,8,2,2
===== 351 =====
9,2,2,3
11,10,2,1
14,10,2,1
15,6,2,3
15,7,2,1
15,8,2,1
26,14,2,1
30,11,2,4
31,9,2,3
40,12,2,3
41,13,2,2
46,11,2,1
50,13,2,3
54,1,2,1
60,11,2,2
===== 352 =====
1,5,2,1
2,9,2,3
8,3,2,3
8,10,2,1
12,9,2,1
13,9,2,1
15,3,2,1
23,0,2,3
23,2,2,1
35,3,2,2
45,15,2,1
47,0,2,1
50,3,2,3
53,13,2,1
54,6,2,2
55,11,2,1
56,1,2,2
59,15,2,2
62,15,2,1
===== 353 =====
3,6,2,2
6,1,2,3
9,4,2,2
12,11,2,1
18,10,2,1
21,1,2,1
23,5,2,2
32,5,2,2
33,7,2,5
33,8,2,3
33,15,2,2
36,12,2,2
40,14,2,1
43,1,2,3
45,14,2,1
46,6,2,3
46,9,2,1
54,9,2,2
60,6,2,1
61,2,2,2
62,4,2,1
63,5,2,2
===== 354 =====
2,11,2,1
5,0,2,1
13,3,2,3
27,1,2,1
27,8,2,1
37,9,2,2
42,7,2,1
44,10,2,2
44,14,2,1
45,1,2,2
52,4,2,1
52,15,2,1
54,7,2,2
58,11,2,1
62,5,2,1
63,2,2,2
63,15,2,1
===== 355 =====
1,6,2,1
6,3,2,2
12,6,2,3
20,13,2,1
23,3,2,3
26,3,2,1
26,11,2,2
29,0,2,1
32,5,2,2
33,14,2,1
37,15,2,1
44,11,2,1
59,10,2,1
60,4,2,1
60,15,2,1
===== 356 =====
7,11,2,1
8,0,2,1
9,12,2,2
11,0,2,2
15,10,2,1
18,6,2,1
19,3,2,2
33,9,2,2
34,11,2,2
45,4,2,2
45,13,2,2
46,9,2,2
46,14,2,1
47,13,2,1
===== 357 =====
5,6,2,2
9,14,2,1
18,6,2,3
21,8,2,1
22,8,2,3
23,2,2,4
23,15,2,1
29,2,2,2
33,3,2,2
33,4,2,2
37,8,2,2
38,8,2,2
43,0,2,2
44,4,2,1
44,11,2,3
45,5,2,1
50,9,2,2
50,15,2,3
60,15,2,1
===== 358 =====
5,11,2,2
16,13,2,2
18,3,2,1
21,7,2,1
22,12,2,1
23,4,2,2
25,12,2,4
27,4,2,2
28,10,2,2
33,1,2,2
33,13,2,1
41,8,2,2
51,1,2,2
55,15,2,2
56,13,2,2
59,0,2,2
62,7,2,1
===== 359 =====
2,10,2,1
8,7,2,1
22,15,2,1
25,1,2,2
25,11,2,1
28,9,2,3
30,14,2,3
35,2,2,2
35,4,2,2
36,3,2,2
36,7,2,2
42,0,2,1
45,1,2,1
46,15,2,2
54,1,2,1
59,1,2,3
60,0,2,1
===== 360 =====
2,10,2,1
9,5,2,1
14,7,2,1
14,11,2,3
15,15,2,3
17,2,2,3
23,5,2,2
25,11,2,2
25,14,2,1
38,1,2,1
38,5,2,4
38,10,2,2
39,9,2,1
43,7,2,3
43,10,2,1
47,6,2,1
47,14,2,2
55,11,2,1
56,8,2,2
===== 361 =====
0,8,2,2
11,2,2,1
16,2,2,1
16,10,2,3
20,7,2,3
21,6,2,2
22,3,2,3
22,12,2,2
24,2,2,1
27,1,2,1
31,13,2,2
38,9,2,1
44,8,2,1
50,11,2,1
52,5,2,1
56,14,2,2
===== 362 =====
1,15,2,2
5,11,2,2
14,4,2,2
16,9,2,1
27,10,2,1
27,13,2,3
30,9,2,2
32,5,2,1
32,9,2,4
34,2,2,3
37,1,2,1
40,5,2,3
40,12,2,3
43,5,2,2
44,13,2,1
48,2,2,2
53,7,2,2
54,9,2,3
55,10,2,1
56,11,2,1
===== 363 =====
1,0,2,1
4,4,2,1
8,3,2,1
10,13,2,2
15,1,2,2
18,11,2,2
28,14,2,5
28,15,2,3
30,6,2,4
30,13,2,2
32,15,2,2
34,1,2,1
37,2,2,4
41,2,2,1
42,4,2,3
46,12,2,3
49,8,2,1
50,5,2,3
56,1,2,1
===== 364 =====
10,3,2,3
13,8,2,1
14,14,2,1
16,13,2,3
22,5,2,1
25,9,2,2
25,12,2,3
27,1,2,3
27,11,2,2
29,0,2,2
47,11,2,2
55,11,2,2
57,15,2,3
59,2,2,2
62,0,2,4
===== 365 =====
0,9,2,3
5,9,2,2
9,12,2,1
15,0,2,1
15,2,2,1
22,3,2,1
23,8,2,1
23,14,2,1
29,3,2,2
30,9,2,1
38,4,2,2
45,8,2,1
48,9,2,1
52,11,2,1
54,2,2,3
55,6,2,2
60,11,2,2
63,9,2,2
===== 366 =====
5,1,2,1
5,10,2,4
10,4,2,2
11,13,2,1
16,1,2,1
24,5,2,2
26,7,2,1
28,11,2,3
30,4,2,2
44,6,2,2
46,9,2,1
47,13,2,1
49,11,2,2
51,13,2,3
57,1,2,2
57,10,2,3
57,14,2,2
57,15,2,3
===== 367 =====
3,9,2,1
11,12,2,1
12,11,2,1
12,12,2,2
13,6,2,2
20,13,2,2
23,1,2,1
25,2,2,3
26,1,2,1
26,7,2,2
31,10,2,1
31,14,2,2
40,3,2,2
40,4,2,3
40,14,2,1
41,1,2,1
51,4,2,1
53,11,2,4
54,2,2,1
55,2,2,2
56,12,2,2
56,15,2,1
57,5,2,1
57,9,2,2
57,15,2,1
58,9,2,1
60,14,2,2
61,6,2,2
===== 368 =====
4,1,2,1
12,1,2,1
14,0,2,1
15,10,2,1
18,10,2,2
18,14,2,2
24,6,2,2
25,1,2,2
26,6,2,2
31,9,2,1
33,14,2,1
36,5,2,1
37,13,2,3
39,8,2,1
41,10,2,1
44,7,2,2
44,14,2,3
45,15,2,3
46,13,2,2
47,0,2,1
54,0,2,2
56,2,2,1
60,9,2,2
===== 369 =====
2,5,2,1
3,4,2,1
6,2,2,3
7,15,2,1
11,14,2,2
12,15,2,1
20,2,2,3
20,4,2,2
20,15,2,1
22,15,2,1
33,11,2,2
37,4,2,2
45,8,2,2
49,7,2,2
52,11,2,1
54,7,2,1
58,6,2,2
===== 370 =====
0,3,2,1
0,14,2,1
1,12,2,3
2,8,2,1
9,11,2,1
17,2,2,1
27,1,2,2
33,13,2,1
35,15,2,2
38,2,2,3
38,5,2,2
40,4,2,3
46,4,2,1
49,0,2,1
55,8,2,1
58,3,2,1
60,9,2,1
===== 371 =====
2,7,2,1
12,5,2,1
12,11,2,2
16,12,2,1
18,6,2,3
25,4,2,2
26,0,2,3
28,4,2,2
41,6,2,2
41,9,2,2
46,4,2,2
47,0,2,2
49,8,2,1
52,12,2,1
54,5,2,3
54,9,2,2
57,9,2,1
58,12,2,1
59,2,2,1
59,3,2,1
61,4,2,2
===== 372 =====
0,10,2,1
9,5,2,1
12,13,2,2
15,1,2,2
15,9,2,2
18,11,2,2
21,7,2,1
26,2,2,1
26,4,2,2
27,8,2,1
37,12,2,2
42,14,2,3
49,5,2,3
56,8,2,1
57,2,2,5
59,5,2,1
61,13,2,1
===== 373 =====
5,3,2,1
5,7,2,1
6,11,2,2
8,14,2,1
14,15,2,1
26,11,2,2
27,7,2,2
37,2,2,3
38,11,2,2
49,7,2,1
57,15,2,3
===== 374 =====
0,13,2,2
2,0,2,1
2,6,2,1
8,9,2,2
14,12,2,1
15,5,2,2
16,4,2,2
17,9,2,1
19,14,2,3
20,6,2,1
20,11,2,1
22,2,2,2
23,0,2,2
25,1,2,1
25,12,2,2
27,6,2,2
31,10,2,2
40,8,2,3
40,13,2,2
40,14,2,2
44,0,2,3
46,14,2,4
54,6,2,1
54,8,2,1
54,15,2,3
55,11,2,2
57,0,2,3
57,7,2,2
60,1,2,2
===== 375 =====
3,11,2,1
4,15,2,1
15,6,2,1
20,0,2,1
21,1,2,2
22,13,2,3
23,1,2,2
28,13,2,2
35,5,2,2
38,1,2,2
42,10,2,1
50,14,2,2
55,0,2,2
58,5,2,1
63,3,2,1
===== 376 =====
0,1,2,1
0,6,2,2
5,0,2,1
5,4,2,1
9,2,2,3
16,11,2,1
22,1,2,3
22,10,2,2
23,5,2,1
24,15,2,1
30,9,2,1
40,5,2,1
41,13,2,1
43,13,2,1
45,5,2,2
45,14,2,1
57,13,2,1
58,5,2,1
58,11,2,1
60,1,2,1
===== 377 =====
3,15,2,1
4,11,2,1
7,4,2,1
13,14,2,1
13,15,2,1
17,0,2,2
22,3,2,2
26,11,2,2
29,14,2,1
32,0,2,1
35,3,2,1
35,14,2,2
39,0,2,2
41,13,2,3
43,13,2,2
47,4,2,3
49,2,2,1
54,5,2,2
56,4,2,4
62,0,2,2
===== 378 =====
3,12,2,1
5,7,2,1
8,3,2,1
9,14,2,2
11,9,2,1
12,8,2,1
12,15,2,1
15,7,2,2
19,3,2,1
21,8,2,1
27,1,2,2
34,2,2,3
36,15,2,2
38,0,2,3
38,4,2,1
39,11,2,1
41,4,2,3
49,1,2,2
52,8,2,2
54,3,2,1
54,14,2,2
59,1,2,1
61,3,2,3
62,4,2,2
===== 379 =====
0,9,2,2
2,11,2,2
12,6,2,1
15,10,2,1
22,6,2,2
28,0,2,1
39,0,2,2
41,0,2,4
41,9,2,1
45,15,2,2
48,8,2,2
55,12,2,2
61,1,2,1
62,14,2,1
===== 380 =====
2,13,2,1
4,12,2,2
5,0,2,1
14,4,2,1
25,0,2,3
30,6,2,3
36,4,2,3
36,5,2,5
37,9,2,4
39,9,2,1
41,5,2,5
41,15,2,2
42,6,2,2
43,0,2,2
43,9,2,1
43,14,2,2
49,0,2,1
49,10,2,3
52,10,2,2
===== 381 =====
1,14,2,2
4,9,2,2
4,10,2,1
5,3,2,1
5,13,2,2
7,14,2,2
13,1,2,3
14,5,2,3
15,10,2,1
23,9,2,3
23,14,2,1
28,1,2,2
28,8,2,1
28,14,2,3
31,9,2,1
36,13,2,2
39,3,2,1
41,12,2,2
43,1,2,3
52,0,2,1
57,1,2,1
62,3,2,1
===== 382 =====
21,7,2,1
21,14,2,1
28,3,2,2
31,14,2,5
39,12,2,1
41,1,2,1
43,14,2,1
47,10,2,2
54,5,2,1
54,8,2,2
56,12,2,1
===== 383 =====
4,5,2,2
9,12,2,2
11,11,2,2
13,1,2,1
18,8,2,1
23,5,2,1
24,8,2,3
33,14,2,1
36,11,2,5
39,4,2,6
50,3,2,4
50,7,2,2
52,14,2,2
60,15,2,2
===== 384 =====
4,4,2,1
11,14,2,1
13,14,2,1
16,12,2,2
20,6,2,2
22,6,2,3
23,3,2,1
25,2,2,3
32,14,2,2
39,15,2,2
42,3,2,1
44,9,2,2
52,7,2,1
53,10,2,1
56,0,2,1
56,10,2,1
57,13,2,2
60,14,2,2
63,15,2,2
===== 385 =====
0,10,2,2
1,12,2,2
3,1,2,2
4,0,2,1
6,1,2,4
8,0,2,1
8,9,2,1
9,9,2,4
9,12,2,2
11,2,2,1
11,4,2,1
11,10,2,1
14,2,2,1
18,10,2,2
20,15,2,2
21,12,2,3
23,13,2,2
29,0,2,3
30,2,2,2
33,1,2,3
40,2,2,1
45,2,2,2
60,9,2,1
61,8,2,1
===== 386 =====
0,8,2,2
3,2,2,1
16,9,2,2
17,0,2,2
27,10,2,2
27,12,2,1
29,12,2,2
37,8,2,4
39,4,2,4
43,9,2,2
44,6,2,1
47,9,2,1
48,5,2,2
48,10,2,2
58,13,2,2
59,2,2,2
62,1,2,2
63,2,2,1
63,13,2,2
===== 387 =====
4,14,2,1
6,14,2,3
9,15,2,1
10,11,2,2
14,8,2,2
15,2,2,2
18,14,2,1
31,0,2,2
33,12,2,2
36,12,2,2
43,4,2,3
44,13,2,1
45,15,2,3
47,7,2,2
50,6,2,3
51,14,2,1
54,7,2,4
55,13,2,3
56,0,2,1
56,7,2,1
57,11,2,3
62,1,2,2
62,2,2,2
===== 388 =====
1,8,2,2
2,14,2,3
3,11,2,1
10,12,2,1
14,6,2,2
18,11,2,2
20,4,2,1
22,6,2,3
23,12,2,1
24,15,2,2
28,5,2,1
32,4,2,2
34,9,2,1
40,12,2,2
41,13,2,1
52,2,2,3
54,6,2,1
57,15,2,3
===== 389 =====
0,14,2,2
7,13,2,1
10,10,2,1
11,12,2,2
13,7,2,1
18,6,2,2
23,6,2,2
27,10,2,2
34,13,2,2
36,0,2,4
36,11,2,3
38,6,2,2
40,3,2,1
40,8,2,2
43,6,2,1
43,15,2,1
46,1,2,4
48,4,2,2
49,9,2,4
49,11,2,3
54,13,2,1
55,11,2,1
58,13,2,1
===== 390 =====
11,15,2,1
12,4,2,2
14,3,2,3
15,4,2,2
23,7,2,3
26,5,2,4
36,0,2,3
40,6,2,2
40,8,2,3
40,10,2,1
41,11,2,2
43,10,2,2
49,8,2,2
51,0,2,1
56,15,2,2
57,8,2,1
===== 391 =====
4,4,2,2
6,3,2,2
6,14,2,1
7,3,2,2
10,1,2,2
18,1,2,1
23,11,2,2
23,15,2,1
26,1,2,2
29,1,2,1
34,6,2,2
34,15,2,1
38,15,2,2
40,6,2,2
46,4,2,2
49,2,2,2
50,8,2,2
50,12,2,1
52,1,2,1
52,2,2,4
52,4,2,2
53,11,2,2
57,7,2,3
===== 392 =====
0,3,2,1
0,15,2,1
1,6,2,1
4,3,2,3
6,6,2,2
7,9,2,2
8,11,2,2
10,15,2,2
12,12,2,3
13,8,2,1
13,9,2,1
14,5,2,2
17,10,2,1
17,14,2,1
18,2,2,2
19,12,2,3
22,12,2,5
24,9,2,1
36,1,2,2
39,12,2,1
45,1,2,2
46,9,2,2
49,3,2,1
49,4,2,3
53,3,2,2
55,5,2,1
===== 393 =====
4,13,2,2
9,3,2,1
13,4,2,3
17,3,2,2
26,6,2,2
29,1,2,1
31,14,2,2
37,12,2,1
39,5,2,1
42,4,2,3
62,12,2,6
===== 394 =====
12,2,2,5
15,2,2,2
17,13,2,2
18,7,2,1
19,2,2,3
33,9,2,2
34,2,2,1
41,8,2,2
45,9,2,2
46,12,2,4
48,8,2,2
49,13,2,3
52,14,2,2
54,3,2,2
54,9,2,3
===== 395 =====
0,10,2,4
4,11,2,2
6,8,2,1
10,4,2,2
12,5,2,2
18,10,2,1
18,12,2,1
18,15,2,2
19,5,2,2
21,9,2,4
22,7,2,1
22,8,2,3
26,14,2,2
28,4,2,1
28,10,2,2
36,11,2,1
37,0,2,3
40,7,2,2
44,14,2,2
53,1,2,1
57,8,2,1
63,4,2,2
===== 396 =====
4,1,2,1
15,15,2,2
16,4,2,2
16,5,2,2
16,7,2,2
18,2,2,2
21,11,2,2
21,15,2,3
22,12,2,3
25,7,2,1
26,7,2,2
27,0,2,2
30,4,2,2
33,1,2,3
39,0,2,1
39,4,2,4
40,5,2,1
40,12,2,1
43,14,2,2
44,10,2,1
45,11,2,1
49,3,2,1
50,7,2,1
50,9,2,1
53,0,2,1
54,1,2,1
55,15,2,1
56,8,2,1
57,12,2,1
59,1,2,1
63,8,2,2
63,14,2,1
===== 397 =====
3,4,2,1
10,15,2,2
11,7,2,2
16,4,2,1
21,12,2,3
24,3,2,1
27,7,2,1
32,14,2,2
33,11,2,1
36,9,2,1
38,11,2,1
41,11,2,2
42,9,2,3
43,8,2,2
47,1,2,1
51,2,2,3
54,5,2,3
===== 398 =====
1,2,2,3
4,15,2,1
7,0,2,1
12,15,2,1
14,4,2,2
18,9,2,1
29,7,2,2
32,15,2,2
34,9,2,1
36,0,2,1
37,13,2,1
39,0,2,1
40,8,2,2
42,10,2,1
44,6,2,7
45,0,2,1
46,7,2,2
50,4,2,1
53,8,2,2
60,13,2,1
===== 399 =====
9,4,2,2
13,4,2,2
13,11,2,2
15,6,2,1
23,9,2,1
29,12,2,3
29,13,2,1
32,7,2,5
37,3,2,2
41,2,2,1
47,5,2,4
48,15,2,2
53,15,2,1
55,7,2,2
60,15,2,1
===== 400 =====
0,13,2,1
3,11,2,1
7,6,2,4
10,5,2,1
11,5,2,2
15,8,2,3
19,14,2,1
20,3,2,1
23,1,2,1
29,1,2,2
30,14,2,2
33,2,2,1
34,9,2,1
34,11,2,1
39,14,2,2
49,3,2,2
59,13,2,1
62,9,2,1
===== 401 =====
6,6,2,2
8,5,2,1
10,13,2,2
15,9,2,2
16,11,2,2
18,9,2,1
41,13,2,1
47,15,2,2
49,2,2,2
55,4,2,2
63,5,2,1
===== 402 =====
7,4,2,2
9,15,2,3
12,6,2,3
14,2,2,2
19,2,2,2
22,1,2,1
22,10,2,2
23,1,2,1
25,13,2,1
34,1,2,1
43,12,2,1
44,1,2,2
45,10,2,1
48,1,2,1
55,0,2,1
56,12,2,2
57,12,2,1
62,10,2,2
===== 403 =====
1,3,2,2
10,0,2,1
16,5,2,2
25,9,2,2
25,12,2,3
37,3,2,2
43,15,2,1
44,1,2,4
52,14,2,2
53,14,2,2
54,0,2,2
57,6,2,2
58,12,2,2
60,2,2,2
61,7,2,2
===== 404 =====
6,1,2,2
6,4,2,1
13,14,2,2
16,14,2,2
20,5,2,3
22,2,2,1
23,12,2,2
30,12,2,2
31,3,2,2
33,6,2,3
36,2,2,2
37,13,2,2
39,14,2,1
42,5,2,2
43,14,2,1
49,1,2,1
51,10,2,1
54,12,2,1
===== 405 =====
3,0,2,2
4,0,2,1
4,14,2,2
5,14,2,1
15,6,2,2
18,0,2,2
20,5,2,2
20,13,2,2
21,4,2,2
25,6,2,2
32,10,2,2
33,4,2,3
35,6,2,2
38,3,2,2
44,12,2,2
46,4,2,1
63,15,2,1
===== 406 =====
0,11,2,1
3,8,2,2
7,0,2,1
8,13,2,1
9,8,2,3
11,3,2,2
14,9,2,2
24,2,2,3
25,14,2,1
30,1,2,1
30,15,2,2
35,14,2,4
36,11,2,2
38,2,2,1
43,11,2,2
48,0,2,2
48,1,2,2
58,0,2,2
58,14,2,2
61,1,2,3
===== 407 =====
0,9,2,2
7,14,2,1
12,8,2,3
12,14,2,2
16,5,2,1
16,13,2,2
16,14,2,1
25,1,2,1
27,15,2,4
29,6,2,2
36,11,2,1
51,4,2,1
55,4,2,3
55,11,2,2
55,14,2,2
56,13,2,2
57,0,2,4
57,2,2,1
58,10,2,1
===== 408 =====
3,12,2,1
6,11,2,3
6,13,2,1
7,1,2,2
17,13,2,1
20,14,2,1
24,9,2,2
32,1,2,3
37,6,2,2
39,4,2,3
42,7,2,2
52,1,2,1
55,8,2,2
57,2,2,1
===== 409 =====
6,4,2,1
13,4,2,1
17,7,2,2
22,11,2,1
25,4,2,1
30,15,2,2
33,6,2,2
35,6,2,2
37,5,2,2
42,1,2,1
50,5,2,3
51,15,2,1
===== 410 =====
2,2,2,1
2,8,2,1
4,14,2,2
5,12,2,1
6,11,2,1
8,13,2,1
11,4,2,3
22,7,2,1
23,0,2,3
25,5,2,3
39,0,2,2
39,5,2,3
43,8,2,3
44,0,2,2
46,0,2,1
57,7,2,1
63,8,2,2
63,15,2,1
===== 411 =====
7,0,2,1
11,7,2,1
16,15,2,1
17,6,2,1
18,1,2,1
20,6,2,3
37,15,2,1
40,13,2,1
42,9,2,1
56,5,2,1
57,3,2,3
62,6,2,2
===== 412 =====
5,10,2,1
11,14,2,2
13,3,2,3
15,7,2,1
16,2,2,1
19,15,2,3
20,8,2,3
21,11,2,1
24,6,2,1
26,0,2,3
27,9,2,2
28,3,2,2
28,7,2,1
30,11,2,2
52,7,2,1
57,0,2,4
57,13,2,1
59,7,2,2
59,8,2,2
===== 413 =====
0,13,2,1
4,4,2,2
6,13,2,1
9,4,2,2
19,11,2,1
27,14,2,4
30,5,2,2
31,14,2,1
34,11,2,3
37,11,2,2
37,14,2,1
39,11,2,2
53,3,2,2
53,15,2,2
===== 414 =====
5,6,2,1
8,10,2,1
13,12,2,1
16,10,2,3
19,2,2,1
19,4,2,6
25,4,2,2
34,3,2,1
37,10,2,1
39,3,2,3
42,8,2,3
48,9,2,1
52,14,2,4
58,10,2,3
62,1,2,2
===== 415 =====
2,5,2,3
10,12,2,1
20,6,2,3
30,2,2,2
38,14,2,1
41,9,2,2
41,13,2,2
46,15,2,1
55,2,2,2
61,5,2,1
63,0,2,1
===== 416 =====
0,3,2,4
2,8,2,1
12,6,2,1
15,11,2,1
24,7,2,2
24,12,2,1
26,0,2,1
30,14,2,2
31,12,2,2
38,14,2,1
40,11,2,7
41,14,2,1
47,5,2,2
49,3,2,2
57,7,2,1
58,4,2,1
58,11,2,1
===== 417 =====
0,11,2,2
9,0,2,2
12,3,2,1
13,6,2,2
15,9,2,1
17,2,2,3
21,5,2,3
22,0,2,2
27,4,2,1
30,12,2,1
31,4,2,1
32,14,2,2
36,10,2,2
37,6,2,1
37,11,2,4
40,15,2,2
43,4,2,1
52,2,2,1
52,9,2,2
53,14,2,1
58,13,2,1
60,10,2,2
===== 418 =====
3,5,2,2
5,14,2,2
6,6,2,1
10,11,2,1
18,3,2,1
20,1,2,1
26,12,2,4
27,14,2,1
34,13,2,1
38,0,2,2
38,12,2,1
43,7,2,1
53,1,2,1
60,2,2,2
62,1,2,1
62,7,2,1
===== 419 =====
7,10,2,2
8,7,2,1
9,5,2,1
9,6,2,2
18,1,2,1
20,5,2,3
21,0,2,1
27,1,2,1
35,2,2,2
37,9,2,3
37,10,2,2
39,10,2,2
40,1,2,2
48,1,2,3
49,10,2,1
49,15,2,1
50,1,2,1
51,2,2,2
52,3,2,1
53,13,2,1
59,12,2,1
63,4,2,3
63,15,2,1
===== 420 =====
7,2,2,2
20,9,2,1
21,9,2,1
30,14,2,2
35,4,2,1
35,10,2,1
37,0,2,3
45,9,2,1
46,2,2,1
48,12,2,2
50,13,2,1
52,12,2,1
58,6,2,2
59,6,2,1
60,4,2,1
===== 421 =====
1,0,2,1
3,15,2,1
5,4,2,2
8,8,2,2
10,2,2,1
18,5,2,4
19,5,2,1
28,15,2,1
29,11,2,1
38,2,2,2
38,12,2,1
44,12,2,1
58,15,2,2
59,10,2,3
===== 422 =====
1,9,2,1
2,4,2,1
6,14,2,1
10,3,2,1
13,12,2,1
13,14,2,1
24,1,2,3
31,9,2,2
32,9,2,3
34,5,2,2
48,10,2,1
51,8,2,2
53,8,2,3
55,4,2,1
57,12,2,1
62,7,2,1
===== 423 =====
1,7,2,1
17,3,2,2
27,2,2,3
33,14,2,1
38,7,2,2
41,0,2,2
42,15,2,2
45,6,2,1
47,4,2,3
58,7,2,1
===== 424 =====
1,10,2,2
5,7,2,3
7,10,2,2
7,15,2,1
16,8,2,2
16,10,2,3
25,1,2,1
35,9,2,2
42,5,2,1
42,13,2,1
43,15,2,3
52,14,2,3
56,11,2,1
57,2,2,1
59,6,2,2
60,1,2,1
===== 425 =====
1,6,2,1
7,5,2,1
9,5,2,2
12,7,2,3
17,2,2,1
18,3,2,2
19,8,2,2
32,1,2,1
37,2,2,1
39,5,2,2
41,1,2,1
43,15,2,3
45,2,2,1
46,6,2,2
47,6,2,4
49,6,2,1
50,0,2,1
56,12,2,2
58,13,2,3
59,3,2,1
===== 426 =====
1,10,2,1
13,3,2,1
14,0,2,1
15,5,2,2
16,5,2,1
18,8,2,2
21,12,2,4
27,1,2,3
30,10,2,1
33,12,2,2
37,13,2,4
39,11,2,2
41,0,2,4
43,7,2,1
47,9,2,2
49,3,2,1
51,12,2,2
54,14,2,2
58,11,2,1
63,10,2,1
===== 427 =====
0,10,2,1
2,7,2,1
5,10,2,3
5,12,2,5
9,15,2,1
10,7,2,2
12,14,2,1
16,1,2,2
16,3,2,1
16,4,2,4
17,0,2,1
21,4,2,1
23,0,2,2
27,12,2,2
30,4,2,2
32,4,2,1
33,14,2,3
42,0,2,2
44,4,2,1
49,13,2,1
52,2,2,2
52,12,2,2
53,1,2,1
===== 428 =====
5,0,2,1
5,15,2,1
11,2,2,2
19,3,2,2
19,4,2,1
20,2,2,1
21,12,2,6
22,14,2,2
23,7,2,2
31,11,2,1
34,5,2,3
38,11,2,2
41,0,2,3
43,6,2,2
43,8,2,4
43,15,2,1
48,0,2,8
51,10,2,1
55,5,2,3
56,7,2,2
59,12,2,1
62,0,2,3
===== 429 =====
1,10,2,1
5,0,2,2
7,1,2,1
10,8,2,1
13,0,2,1
13,11,2,1
24,0,2,1
25,11,2,2
26,4,2,1
28,2,2,1
29,4,2,2
33,7,2,2
33,15,2,2
53,6,2,3
58,12,2,2
===== 430 =====
0,5,2,1
4,3,2,2
4,7,2,2
5,0,2,2
6,1,2,3
10,6,2,3
10,8,2,1
12,1,2,1
14,6,2,3
19,15,2,1
22,4,2,2
27,9,2,1
35,2,2,3
40,8,2,2
47,9,2,2
47,14,2,3
48,2,2,4
52,11,2,2
53,6,2,3
===== 431 =====
3,3,2,4
6,15,2,3
7,9,2,2
20,7,2,3
21,15,2,2
27,12,2,2
30,9,2,1
34,9,2,1
35,15,2,1
47,11,2,1
53,13,2,2
54,9,2,2
59,11,2,1
63,15,2,3
===== 432 =====
2,3,2,3
8,2,2,1
10,8,2,2
11,13,2,2
13,11,2,1
15,9,2,2
18,9,2,2
34,14,2,1
35,8,2,5
54,10,2,2
55,1,2,1
59,11,2,2
===== 433 =====
3,13,2,1
10,15,2,1
11,11,2,2
14,4,2,1
15,4,2,1
16,9,2,1
22,1,2,3
25,8,2,5
25,15,2,2
26,6,2,2
28,10,2,1
34,5,2,2
36,14,2,1
37,12,2,2
40,8,2,1
42,2,2,1
43,5,2,2
45,11,2,3
52,3,2,2
54,15,2,1
55,3,2,1
56,1,2,2
58,11,2,2
===== 434 =====
0,14,2,1
1,14,2,1
6,1,2,1
15,1,2,2
20,10,2,1
23,8,2,1
27,10,2,2
27,11,2,1
33,13,2,2
39,12,2,4
45,9,2,1
45,14,2,2
63,5,2,1
===== 435 =====
1,7,2,1
2,2,2,1
3,1,2,2
3,6,2,1
8,3,2,2
17,9,2,2
24,0,2,2
25,15,2,3
26,1,2,1
27,4,2,3
27,5,2,1
29,13,2,2
32,3,2,2
32,5,2,2
33,12,2,1
34,10,2,2
34,12,2,3
36,15,2,3
42,13,2,2
53,7,2,1
60,3,2,3
61,6,2,2
===== 436 =====
4,5,2,1
5,0,2,3
9,6,2,2
15,15,2,2
19,6,2,2
26,4,2,2
27,6,2,3
28,12,2,3
37,12,2,2
38,4,2,3
43,9,2,1
44,12,2,2
45,7,2,1
48,8,2,2
52,11,2,1
53,2,2,2
53,8,2,4
54,12,2,1
61,9,2,1
62,15,2,1
===== 437 =====
0,7,2,1
3,1,2,1
7,14,2,1
18,10,2,1
19,13,2,2
22,2,2,1
24,10,2,3
28,12,2,4
31,12,2,2
38,4,2,4
39,10,2,1
40,14,2,2
59,15,2,1
60,3,2,1
62,12,2,3
63,3,2,1
===== 438 =====
1,14,2,1
3,3,2,2
14,8,2,2
15,14,2,2
16,10,2,7
17,11,2,1
17,15,2,2
25,3,2,1
26,3,2,2
32,5,2,2
36,12,2,2
37,7,2,2
47,13,2,1
59,14,2,1
===== 439 =====
4,1,2,1
6,13,2,1
10,0,2,1
10,6,2,2
18,11,2,3
19,13,2,2
20,4,2,2
20,8,2,1
29,11,2,1
30,0,2,1
42,0,2,1
43,12,2,3
48,4,2,2
53,13,2,1
62,10,2,1
===== 440 =====
3,12,2,1
4,12,2,2
9,13,2,2
10,3,2,1
20,0,2,2
27,5,2,2
29,5,2,1
33,1,2,2
49,5,2,1
51,11,2,1
59,15,2,1
===== 441 =====
2,6,2,1
3,7,2,1
9,6,2,3
9,13,2,2
12,2,2,2
14,11,2,2
15,2,2,1
16,6,2,1
20,1,2,2
23,13,2,2
25,11,2,1
30,9,2,1
31,4,2,2
34,4,2,2
35,9,2,2
40,10,2,3
40,11,2,4
47,10,2,2
50,0,2,1
54,5,2,1
===== 442 =====
0,0,2,2
3,9,2,1
10,15,2,1
16,15,2,1
17,6,2,2
19,3,2,1
22,11,2,2
26,12,2,1
28,5,2,2
29,2,2,2
33,2,2,3
34,3,2,4
51,9,2,2
52,6,2,1
55,3,2,3
===== 443 =====
1,1,2,1
4,9,2,2
9,13,2,1
10,14,2,1
13,12,2,2
14,2,2,6
16,3,2,1
21,12,2,3
25,5,2,3
28,14,2,5
30,10,2,2
33,13,2,2
34,15,2,1
35,8,2,1
41,5,2,2
42,0,2,2
47,12,2,2
49,7,2,1
49,9,2,2
51,0,2,1
51,3,2,3
54,6,2,3
===== 444 =====
1,15,2,1
6,1,2,2
7,11,2,1
16,9,2,2
22,10,2,2
24,12,2,1
28,12,2,2
31,15,2,3
40,5,2,4
48,11,2,1
49,0,2,2
51,11,2,1
56,1,2,2
58,8,2,2
62,11,2,2
===== 445 =====
0,15,2,1
4,8,2,1
4,13,2,2
9,0,2,3
12,6,2,1
13,1,2,2
14,3,2,3
16,6,2,1
17,4,2,2
18,0,2,1
21,14,2,1
32,2,2,1
35,5,2,1
41,2,2,1
50,8,2,2
51,15,2,1
58,3,2,2
58,12,2,1
60,7,2,1
62,4,2,1
===== 446 =====
1,10,2,2
2,2,2,3
3,0,2,1
7,13,2,3
10,1,2,1
12,1,2,1
16,3,2,1
19,3,2,2
25,0,2,3
27,15,2,2
48,10,2,1
62,12,2,1
===== 447 =====
4,3,2,2
5,10,2,2
8,3,2,1
17,9,2,1
18,8,2,2
19,11,2,1
20,13,2,1
22,5,2,2
23,9,2,2
31,6,2,2
32,10,2,1
33,12,2,2
36,0,2,1
42,8,2,1
42,14,2,2
43,8,2,2
47,12,2,1
48,10,2,1
50,12,2,1
53,15,2,1
60,8,2,3
62,2,2,1
62,5,2,1
===== 448 =====
5,2,2,2
12,0,2,1
12,4,2,1
12,5,2,1
12,7,2,2
21,6,2,2
21,13,2,3
25,0,2,3
30,14,2,2
31,7,2,1
43,1,2,1
44,11,2,2
53,13,2,2
54,9,2,2
57,13,2,1
63,8,2,1
===== 449 =====
4,2,2,1
8,5,2,2
14,6,2,3
15,12,2,2
17,8,2,3
21,5,2,3
24,6,2,1
29,3,2,1
31,7,2,2
33,10,2,2
35,6,2,1
35,15,2,1
37,13,2,2
41,5,2,3
43,8,2,2
51,12,2,2
51,13,2,6
52,11,2,1
55,6,2,2
56,13,2,2
57,12,2,1
63,3,2,1
===== 450 =====
4,2,2,1
6,13,2,1
10,5,2,2
13,3,2,3
17,1,2,1
17,8,2,1
24,13,2,1
26,3,2,2
37,6,2,2
41,14,2,1
42,11,2,1
42,15,2,1
46,6,2,2
54,14,2,4
62,5,2,3
===== 451 =====
4,14,2,1
7,10,2,2
7,12,2,1
8,10,2,2
12,15,2,1
13,7,2,1
25,2,2,1
30,4,2,3
31,2,2,1
35,9,2,2
40,0,2,2
40,4,2,4
45,13,2,1
47,4,2,1
52,10,2,3
===== 452 =====
2,10,2,1
14,9,2,1
22,5,2,2
27,2,2,2
30,7,2,3
30,8,2,1
33,8,2,3
35,10,2,1
36,11,2,2
38,8,2,1
42,9,2,2
43,7,2,1
46,13,2,2
47,0,2,1
48,4,2,2
49,13,2,1
49,15,2,1
50,2,2,1
51,13,2,2
60,1,2,2
===== 453 =====
7,2,2,1
11,4,2,2
19,8,2,3
20,12,2,2
21,9,2,2
24,7,2,3
28,8,2,2
30,5,2,1
30,15,2,1
31,5,2,1
33,2,2,1
34,12,2,3
36,13,2,2
42,4,2,2
48,1,2,1
50,2,2,1
56,3,2,1
60,10,2,1
61,1,2,1
===== 454 =====
4,5,2,1
5,10,2,1
8,3,2,1
14,8,2,2
16,2,2,2
16,8,2,3
17,14,2,1
19,15,2,1
26,11,2,2
32,15,2,2
35,1,2,2
37,14,2,2
42,10,2,2
46,0,2,1
56,7,2,2
57,4,2,2
59,4,2,1
60,7,2,1
63,10,2,1
===== 455 =====
0,0,2,1
1,3,2,2
15,11,2,2
19,0,2,2
23,5,2,2
23,10,2,2
25,3,2,2
29,6,2,2
33,3,2,3
36,11,2,2
38,2,2,1
40,15,2,2
47,7,2,2
49,14,2,1
60,14,2,2
===== 456 =====
2,11,2,1
8,5,2,3
10,14,2,1
18,5,2,3
22,13,2,3
25,2,2,3
27,7,2,1
28,15,2,1
31,14,2,3
35,6,2,3
37,5,2,2
38,10,2,1
38,15,2,2
41,15,2,1
42,2,2,3
45,9,2,2
46,12,2,1
47,5,2,2
48,5,2,1
54,12,2,1
59,5,2,1
63,7,2,2
===== 457 =====
7,2,2,2
8,2,2,1
8,4,2,2
9,4,2,3
10,6,2,1
10,15,2,1
11,6,2,2
20,7,2,3
23,15,2,1
29,1,2,3
29,10,2,1
29,11,2,1
29,14,2,1
30,3,2,2
30,15,2,2
31,9,2,2
32,7,2,3
35,1,2,1
38,15,2,3
40,11,2,3
45,11,2,1
50,14,2,1
51,2,2,2
53,8,2,1
55,6,2,1
56,2,2,2
58,5,2,1
61,11,2,2
===== 458 =====
4,15,2,1
5,4,2,3
6,10,2,2
10,8,2,2
11,0,2,1
14,11,2,2
19,5,2,2
19,12,2,1
23,7,2,2
25,14,2,2
27,0,2,2
27,4,2,3
27,6,2,3
28,0,2,2
30,10,2,1
31,5,2,2
34,14,2,2
45,12,2,3
50,2,2,3
55,1,2,1
55,4,2,1
57,8,2,1
63,13,2,1
===== 459 =====
4,14,2,1
7,8,2,1
13,4,2,2
19,6,2,1
19,12,2,2
24,13,2,2
28,10,2,2
29,5,2,1
33,9,2,1
35,13,2,2
38,1,2,2
42,5,2,2
44,7,2,2
45,5,2,3
48,14,2,1
55,3,2,2
59,3,2,1
62,5,2,1
===== 460 =====
1,9,2,2
14,13,2,1
16,14,2,1
24,0,2,2
27,8,2,2
30,13,2,2
31,3,2,1
32,14,2,3
39,3,2,3
45,7,2,1
48,13,2,2
49,3,2,1
50,14,2,1
52,9,2,1
52,15,2,1
55,12,2,2
57,14,2,2
61,5,2,1
62,14,2,1
===== 461 =====
0,9,2,2
1,3,2,1
3,2,2,1
4,6,2,1
4,9,2,1
7,2,2,1
12,6,2,1
16,11,2,1
24,10,2,4
28,2,2,2
36,2,2,1
36,6,2,1
51,10,2,2
58,2,2,1
===== 462 =====
1,9,2,1
4,3,2,2
5,7,2,1
6,13,2,1
9,15,2,1
14,5,2,2
14,7,2,2
17,4,2,4
26,6,2,3
31,13,2,2
33,4,2,1
37,5,2,1
41,5,2,1
43,15,2,2
50,1,2,1
53,2,2,1
54,13,2,2
57,13,2,1
===== 463 =====
0,7,2,2
2,7,2,2
5,5,2,1
12,11,2,1
34,15,2,1
36,7,2,3
44,13,2,1
53,10,2,3
56,7,2,1
58,0,2,1
===== 464 =====
2,14,2,1
6,10,2,2
7,7,2,2
9,2,2,1
9,9,2,2
9,13,2,2
10,11,2,1
12,5,2,3
14,9,2,2
17,8,2,2
18,0,2,1
29,11,2,2
29,14,2,1
29,15,2,2
34,12,2,2
38,15,2,1
39,6,2,1
46,1,2,2
60,0,2,2
===== 465 =====
7,6,2,2
7,11,2,2
8,5,2,1
19,4,2,3
20,12,2,2
21,0,2,2
21,12,2,2
24,6,2,1
25,15,2,2
33,6,2,3
41,5,2,2
42,0,2,2
43,2,2,2
45,15,2,3
47,8,2,2
52,2,2,2
53,3,2,2
56,6,2,2
59,0,2,1
62,6,2,1
===== 466 =====
3,9,2,1
12,10,2,2
14,8,2,2
14,13,2,1
15,5,2,2
17,15,2,2
26,5,2,3
27,2,2,3
29,0,2,2
29,2,2,1
35,6,2,4
37,8,2,3
37,14,2,3
39,8,2,2
40,1,2,2
48,7,2,2
52,7,2,1
55,7,2,1
61,3,2,1
62,12,2,1
62,13,2,1
===== 467 =====
5,1,2,1
6,7,2,1
7,12,2,1
9,0,2,2
9,13,2,2
12,15,2,1
21,8,2,2
24,14,2,2
40,9,2,1
43,7,2,3
45,5,2,2
49,1,2,2
55,0,2,1
57,10,2,3
62,4,2,1
===== 468 =====
0,0,2,1
7,2,2,1
17,8,2,1
22,11,2,3
31,0,2,2
32,5,2,1
33,0,2,2
34,7,2,1
35,11,2,4
52,8,2,3
54,5,2,3
61,5,2,1
===== 469 =====
0,1,2,1
1,15,2,3
2,0,2,1
8,11,2,1
13,10,2,2
13,13,2,1
17,9,2,2
27,2,2,3
27,7,2,1
29,7,2,2
31,4,2,1
33,12,2,1
42,9,2,1
48,12,2,1
50,4,2,1
50,6,2,2
53,2,2,2
54,12,2,1
55,4,2,2
===== 470 =====
2,9,2,1
4,0,2,1
4,15,2,1
7,10,2,2
9,7,2,1
9,11,2,2
10,12,2,1
22,3,2,2
23,6,2,2
24,6,2,3
30,11,2,3
32,1,2,2
37,0,2,2
37,9,2,3
42,12,2,1
44,10,2,1
45,8,2,1
58,7,2,2
61,3,2,2
62,15,2,1
===== 471 =====
7,5,2,1
9,12,2,2
15,11,2,2
17,3,2,2
18,5,2,10
21,11,2,3
23,7,2,3
25,1,2,1
26,14,2,1
28,1,2,2
31,7,2,1
37,1,2,1
44,0,2,2
44,5,2,1
44,6,2,1
45,6,2,1
51,8,2,2
===== 472 =====
0,9,2,2
9,10,2,1
10,0,2,1
14,6,2,3
17,10,2,4
21,5,2,2
27,15,2,2
28,4,2,2
33,1,2,1
44,8,2,3
55,2,2,2
57,4,2,2
===== 473 =====
2,10,2,1
2,14,2,1
11,12,2,1
11,15,2,1
13,15,2,1
20,9,2,1
26,1,2,3
28,1,2,2
30,9,2,1
31,14,2,1
33,7,2,1
39,7,2,2
41,13,2,1
43,6,2,1
51,12,2,1
54,13,2,2
56,0,2,1
===== 474 =====
1,13,2,1
5,5,2,2
8,14,2,1
9,4,2,1
9,8,2,2
12,3,2,2
14,2,2,1
17,6,2,2
21,3,2,1
33,13,2,3
34,5,2,3
36,0,2,1
39,3,2,2
42,4,2,4
43,15,2,1
49,13,2,2
50,12,2,2
52,8,2,1
53,2,2,2
===== 475 =====
10,2,2,2
10,15,2,2
13,7,2,2
13,13,2,1
17,4,2,1
19,1,2,3
19,5,2,1
19,10,2,5
21,13,2,2
22,4,2,1
30,8,2,1
33,14,2,1
38,14,2,2
40,13,2,1
41,11,2,3
57,13,2,1
60,5,2,1
63,4,2,2
===== 476 =====
5,6,2,1
6,9,2,2
7,8,2,1
12,2,2,1
20,12,2,1
25,5,2,4
25,13,2,3
26,4,2,1
30,9,2,1
31,11,2,2
33,8,2,2
33,9,2,3
52,0,2,1
55,8,2,3
63,6,2,1
===== 477 =====
2,6,2,2
3,7,2,2
4,12,2,1
5,8,2,1
15,7,2,3
24,11,2,1
27,5,2,1
27,9,2,2
28,5,2,3
28,14,2,4
34,4,2,3
37,4,2,1
37,11,2,2
39,2,2,1
46,9,2,1
46,15,2,1
47,15,2,1
===== 478 =====
11,13,2,1
12,9,2,2
19,9,2,3
20,10,2,2
22,7,2,1
23,5,2,1
23,6,2,2
23,10,2,1
28,13,2,1
36,12,2,3
41,3,2,2
42,5,2,2
44,2,2,1
46,9,2,2
48,2,2,2
52,7,2,1
53,15,2,2
60,7,2,1
===== 479 =====
1,7,2,1
7,11,2,2
26,0,2,5
27,14,2,3
35,13,2,1
45,9,2,1
47,2,2,2
48,12,2,1
48,13,2,2
52,5,2,2
55,10,2,2
57,12,2,2
59,2,2,2
59,7,2,2
===== 480 =====
3,5,2,1
6,1,2,2
8,3,2,3
8,12,2,1
11,11,2,2
13,6,2,2
14,13,2,1
18,14,2,2
20,10,2,1
35,5,2,2
36,13,2,1
42,5,2,2
42,8,2,1
49,14,2,2
56,10,2,1
62,15,2,2
===== 481 =====
1,0,2,1
2,5,2,1
9,4,2,2
9,13,2,1
10,2,2,2
14,3,2,2
14,6,2,4
15,9,2,2
16,4,2,3
20,5,2,2
36,1,2,2
40,11,2,3
42,2,2,2
42,6,2,2
47,7,2,1
61,2,2,1
61,14,2,2
===== 482 =====
0,5,2,1
10,12,2,1
14,1,2,3
25,4,2,4
25,12,2,3
29,11,2,1
33,7,2,1
34,4,2,1
35,6,2,4
35,14,2,5
37,10,2,2
48,13,2,1
50,8,2,2
55,1,2,1
55,4,2,2
61,7,2,1
61,13,2,1
61,15,2,2
===== 483 =====
4,14,2,1
6,8,2,2
17,6,2,2
24,12,2,1
25,10,2,1
32,1,2,2
35,8,2,1
40,5,2,1
41,4,2,2
43,13,2,2
48,12,2,1
49,10,2,1
57,9,2,1
57,12,2,2
61,13,2,1
62,5,2,1
===== 484 =====
1,14,2,1
2,10,2,1
6,2,2,1
9,9,2,1
9,11,2,2
21,4,2,3
28,0,2,1
29,14,2,2
32,6,2,4
43,4,2,2
48,13,2,2
53,10,2,1
55,0,2,3
56,6,2,2
57,1,2,2
57,8,2,2
58,11,2,1
59,14,2,1
62,15,2,1
===== 485 =====
1,0,2,1
2,10,2,1
8,12,2,1
11,12,2,3
27,11,2,2
28,3,2,2
29,3,2,3
30,11,2,3
32,0,2,1
32,10,2,2
34,11,2,2
34,15,2,2
40,9,2,1
42,3,2,1
43,3,2,1
47,4,2,2
52,13,2,2
54,5,2,1
59,15,2,2
60,3,2,1
===== 486 =====
1,8,2,2
3,1,2,1
3,11,2,2
4,2,2,3
5,12,2,1
10,5,2,2
10,9,2,2
11,12,2,3
11,13,2,2
14,2,2,2
16,0,2,1
16,15,2,2
25,1,2,1
26,1,2,1
34,13,2,1
38,3,2,2
===== 487 =====
6,4,2,2
7,9,2,1
7,14,2,2
9,6,2,2
15,1,2,3
25,10,2,1
28,13,2,3
36,11,2,2
43,0,2,2
43,6,2,1
43,7,2,1
51,0,2,3
51,14,2,1
59,10,2,3
60,1,2,1
61,9,2,2
===== 488 =====
4,5,2,1
9,7,2,1
10,1,2,2
12,10,2,2
12,15,2,1
14,11,2,2
17,1,2,2
18,15,2,1
26,5,2,2
27,13,2,1
28,14,2,4
33,0,2,1
33,15,2,1
34,1,2,2
35,5,2,1
36,14,2,1
37,3,2,2
41,5,2,3
42,8,2,2
47,1,2,1
49,9,2,5
54,2,2,3
===== 489 =====
0,4,2,2
8,5,2,2
23,14,2,1
24,6,2,1
35,2,2,1
38,14,2,2
41,0,2,2
44,13,2,2
46,4,2,1
49,5,2,2
52,7,2,2
53,6,2,1
54,10,2,2
60,5,2,1
61,0,2,1
===== 490 =====
6,14,2,3
8,14,2,1
32,2,2,1
35,11,2,2
41,1,2,1
47,3,2,1
50,1,2,2
52,4,2,1
52,5,2,1
55,8,2,2
57,0,2,4
57,2,2,2
59,13,2,1
61,12,2,1
===== 491 =====
0,1,2,2
4,9,2,1
5,6,2,2
22,15,2,1
28,11,2,1
29,1,2,2
35,7,2,3
36,11,2,3
37,15,2,1
57,11,2,1
62,8,2,2
===== 492 =====
4,5,2,2
6,10,2,1
10,7,2,2
12,9,2,1
15,3,2,1
19,12,2,2
21,9,2,3
25,4,2,1
25,9,2,1
26,1,2,2
26,7,2,3
28,8,2,3
30,11,2,3
31,10,2,2
32,2,2,2
39,10,2,2
43,11,2,2
46,7,2,2
48,12,2,1
50,2,2,1
53,15,2,1
55,6,2,1
60,4,2,1
61,11,2,2
===== 493 =====
0,0,2,1
4,5,2,2
11,10,2,2
15,12,2,1
20,13,2,3
21,0,2,1
21,14,2,2
26,0,2,2
28,10,2,3
31,3,2,2
35,12,2,1
36,1,2,1
37,12,2,2
48,4,2,1
50,0,2,1
51,15,2,1
55,0,2,1
58,13,2,2
60,3,2,2
62,0,2,1
62,4,2,1
===== 494 =====
0,12,2,3
2,7,2,1
5,0,2,3
11,10,2,2
17,3,2,1
18,3,2,2
20,4,2,2
22,3,2,2
27,15,2,2
28,11,2,3
31,5,2,4
36,8,2,3
55,7,2,2
56,4,2,2
57,6,2,2
57,12,2,1
===== 495 =====
3,7,2,1
6,3,2,2
17,7,2,3
30,14,2,2
32,0,2,1
40,6,2,2
41,8,2,2
43,0,2,1
46,12,2,2
48,1,2,2
58,13,2,1
===== 496 =====
10,0,2,2
13,8,2,1
13,14,2,2
15,4,2,1
17,11,2,1
18,8,2,1
20,13,2,2
22,15,2,1
41,11,2,5
41,13,2,1
45,3,2,2
47,6,2,3
50,3,2,2
52,13,2,1
63,7,2,1
===== 497 =====
1,1,2,2
16,1,2,1
31,12,2,1
49,2,2,1
50,12,2,2
55,1,2,2
===== 498 =====
5,9,2,1
7,0,2,1
14,2,2,1
16,9,2,2
25,0,2,2
32,8,2,2
34,8,2,2
42,7,2,3
43,7,2,1
44,9,2,1
45,14,2,1
50,15,2,1
52,4,2,2
55,6,2,2
57,13,2,2
61,7,2,1
===== 499 =====
2,4,2,1
2,10,2,1
7,9,2,3
13,13,2,1
14,5,2,1
20,1,2,1
20,11,2,1
23,12,2,1
28,10,2,2
30,4,2,1
38,8,2,2
46,5,2,2
48,9,2,1
54,8,2,1
55,4,2,1
